{
  "test_loss": 4.92527466486716, 
  "config": {
    "weight_decay": 0, 
    "nlayers": 1, 
    "clip": 0.5, 
    "emsize": 50, 
    "nhid": 50, 
    "batch_size": 20, 
    "results": "results/20170329-185934-01.txt", 
    "epochs": 20, 
    "logfile": "logs/20170329-185934-01.txt", 
    "seed": 1111, 
    "lr": 5, 
    "log_interval": 20, 
    "experiment_id": "20170329-185934-01", 
    "sequence_length": 20, 
    "model": "LSTM", 
    "save": "models/20170329-185934-01.pt", 
    "data": "./data/penn", 
    "momentum": 0
  }, 
  "epoch_logs": [
    {
      "epoch": 1, 
      "val_ppl": 244.4449361130861, 
      "val_loss": 5.498990073379881, 
      "time_s": 212.7887728214264
    }, 
    {
      "epoch": 2, 
      "val_ppl": 194.54860856760737, 
      "val_loss": 5.270682047349512, 
      "time_s": 212.46507096290588
    }, 
    {
      "epoch": 3, 
      "val_ppl": 175.83766733853943, 
      "val_loss": 5.169561224749186, 
      "time_s": 212.5947380065918
    }, 
    {
      "epoch": 4, 
      "val_ppl": 165.07864728892278, 
      "val_loss": 5.106422010574837, 
      "time_s": 212.72050094604492
    }, 
    {
      "epoch": 5, 
      "val_ppl": 159.3058073916205, 
      "val_loss": 5.070825671942788, 
      "time_s": 212.3032729625702
    }, 
    {
      "epoch": 6, 
      "val_ppl": 155.75252185266618, 
      "val_loss": 5.048268349206888, 
      "time_s": 212.2559368610382
    }, 
    {
      "epoch": 7, 
      "val_ppl": 154.00840275708663, 
      "val_loss": 5.037007164282809, 
      "time_s": 212.66958808898926
    }, 
    {
      "epoch": 8, 
      "val_ppl": 153.52200747787825, 
      "val_loss": 5.033843927941974, 
      "time_s": 218.9657120704651
    }, 
    {
      "epoch": 9, 
      "val_ppl": 153.28527150735013, 
      "val_loss": 5.032300704989154, 
      "time_s": 215.4017951488495
    }, 
    {
      "epoch": 10, 
      "val_ppl": 153.67696898747494, 
      "val_loss": 5.034852795383677, 
      "time_s": 214.421532869339
    }, 
    {
      "epoch": 11, 
      "val_ppl": 143.52812674968715, 
      "val_loss": 4.966531021217462, 
      "time_s": 230.63049793243408
    }, 
    {
      "epoch": 12, 
      "val_ppl": 143.31955238580667, 
      "val_loss": 4.965076769251627, 
      "time_s": 218.5967879295349
    }, 
    {
      "epoch": 13, 
      "val_ppl": 143.4238776085064, 
      "val_loss": 4.9658044248237525, 
      "time_s": 212.32964420318604
    }, 
    {
      "epoch": 14, 
      "val_ppl": 143.4238776085064, 
      "val_loss": 4.9658044248237525, 
      "time_s": 210.6512188911438
    }, 
    {
      "epoch": 15, 
      "val_ppl": 143.4238776085064, 
      "val_loss": 4.9658044248237525, 
      "time_s": 210.82955598831177
    }, 
    {
      "epoch": 16, 
      "val_ppl": 143.4238776085064, 
      "val_loss": 4.9658044248237525, 
      "time_s": 211.07745504379272
    }, 
    {
      "epoch": 17, 
      "val_ppl": 143.4238776085064, 
      "val_loss": 4.9658044248237525, 
      "time_s": 210.35342597961426
    }, 
    {
      "epoch": 18, 
      "val_ppl": 143.4238776085064, 
      "val_loss": 4.9658044248237525, 
      "time_s": 210.9331018924713
    }, 
    {
      "epoch": 19, 
      "val_ppl": 143.4238776085064, 
      "val_loss": 4.9658044248237525, 
      "time_s": 210.40126991271973
    }, 
    {
      "epoch": 20, 
      "val_ppl": 143.4238776085064, 
      "val_loss": 4.9658044248237525, 
      "time_s": 210.06842803955078
    }
  ], 
  "test_ppl": 137.7271652617622
}