{
  "test_loss": 5.441978705416717, 
  "config": {
    "weight_decay": 0, 
    "nlayers": 6, 
    "clip": 0.5, 
    "emsize": 50, 
    "nhid": 50, 
    "batch_size": 20, 
    "results": "results/20170329-104938-00.txt", 
    "epochs": 20, 
    "logfile": "logs/20170329-104938-00.txt", 
    "seed": 1111, 
    "lr": 10, 
    "log_interval": 20, 
    "experiment_id": "20170329-104938-00", 
    "sequence_length": 20, 
    "model": "LSTM", 
    "save": "models/20170329-104938-00.pt", 
    "data": "./data/penn", 
    "momentum": 0
  }, 
  "epoch_logs": [
    {
      "epoch": 1, 
      "val_ppl": 696.3267364629527, 
      "val_loss": 6.545818999118763, 
      "time_s": 314.1742308139801
    }, 
    {
      "epoch": 2, 
      "val_ppl": 688.7035780024686, 
      "val_loss": 6.534810957836226, 
      "time_s": 316.05689692497253
    }, 
    {
      "epoch": 3, 
      "val_ppl": 687.8590169015906, 
      "val_loss": 6.5335838996407265, 
      "time_s": 318.65910506248474
    }, 
    {
      "epoch": 4, 
      "val_ppl": 688.132647629215, 
      "val_loss": 6.5339816211361175, 
      "time_s": 311.2365097999573
    }, 
    {
      "epoch": 5, 
      "val_ppl": 680.4593598136576, 
      "val_loss": 6.522768099240781, 
      "time_s": 309.3727569580078
    }, 
    {
      "epoch": 6, 
      "val_ppl": 592.2697785972986, 
      "val_loss": 6.383962238171096, 
      "time_s": 310.66110610961914
    }, 
    {
      "epoch": 7, 
      "val_ppl": 438.43854255585927, 
      "val_loss": 6.083219648183297, 
      "time_s": 309.48123598098755
    }, 
    {
      "epoch": 8, 
      "val_ppl": 388.828539030814, 
      "val_loss": 5.963138472749458, 
      "time_s": 310.16813921928406
    }, 
    {
      "epoch": 9, 
      "val_ppl": 352.12720505243493, 
      "val_loss": 5.86399248830667, 
      "time_s": 310.3798279762268
    }, 
    {
      "epoch": 10, 
      "val_ppl": 318.5280483449452, 
      "val_loss": 5.763710535012201, 
      "time_s": 311.43026304244995
    }, 
    {
      "epoch": 11, 
      "val_ppl": 299.60886539836537, 
      "val_loss": 5.702477841987527, 
      "time_s": 309.82312393188477
    }, 
    {
      "epoch": 12, 
      "val_ppl": 286.0796087586225, 
      "val_loss": 5.656270124389914, 
      "time_s": 310.18774914741516
    }, 
    {
      "epoch": 13, 
      "val_ppl": 275.4297132897767, 
      "val_loss": 5.6183324718682215, 
      "time_s": 310.3318758010864
    }, 
    {
      "epoch": 14, 
      "val_ppl": 268.5615353564821, 
      "val_loss": 5.593080069651573, 
      "time_s": 310.3101878166199
    }, 
    {
      "epoch": 15, 
      "val_ppl": 262.41784993672115, 
      "val_loss": 5.569938080429773, 
      "time_s": 309.6856439113617
    }, 
    {
      "epoch": 16, 
      "val_ppl": 258.4299004123493, 
      "val_loss": 5.554624478884219, 
      "time_s": 309.5789749622345
    }, 
    {
      "epoch": 17, 
      "val_ppl": 252.8129037480978, 
      "val_loss": 5.532649704277386, 
      "time_s": 310.94408202171326
    }, 
    {
      "epoch": 18, 
      "val_ppl": 251.94987191700588, 
      "val_loss": 5.529230146759762, 
      "time_s": 310.73315596580505
    }, 
    {
      "epoch": 19, 
      "val_ppl": 245.50084764206167, 
      "val_loss": 5.50330039994577, 
      "time_s": 310.538556098938
    }, 
    {
      "epoch": 20, 
      "val_ppl": 239.05960241613187, 
      "val_loss": 5.476712903335141, 
      "time_s": 309.4559609889984
    }
  ], 
  "test_ppl": 230.89861207726344
}