{
  "test_loss": 6.401934311688706, 
  "config": {
    "weight_decay": 0.01, 
    "nlayers": 1, 
    "clip": 0.5, 
    "emsize": 50, 
    "nhid": 50, 
    "batch_size": 20, 
    "results": "results/20170329-185947-02.txt", 
    "epochs": 20, 
    "logfile": "logs/20170329-185947-02.txt", 
    "seed": 1111, 
    "lr": 1e-05, 
    "log_interval": 20, 
    "experiment_id": "20170329-185947-02", 
    "sequence_length": 20, 
    "model": "LSTM", 
    "save": "models/20170329-185947-02.pt", 
    "data": "./data/penn", 
    "momentum": 0.05
  }, 
  "epoch_logs": [
    {
      "epoch": 1, 
      "val_ppl": 4399.757629144649, 
      "val_loss": 8.38930473410385, 
      "time_s": 230.63892698287964
    }, 
    {
      "epoch": 2, 
      "val_ppl": 1924.6429774984686, 
      "val_loss": 7.562495763286334, 
      "time_s": 234.0336878299713
    }, 
    {
      "epoch": 3, 
      "val_ppl": 1218.5054047137749, 
      "val_loss": 7.105380308602223, 
      "time_s": 234.3840410709381
    }, 
    {
      "epoch": 4, 
      "val_ppl": 889.0415045110774, 
      "val_loss": 6.790143921163232, 
      "time_s": 234.77645587921143
    }, 
    {
      "epoch": 5, 
      "val_ppl": 747.046373161738, 
      "val_loss": 6.616127262405097, 
      "time_s": 234.61567902565002
    }, 
    {
      "epoch": 6, 
      "val_ppl": 710.5322620142795, 
      "val_loss": 6.5660143539859, 
      "time_s": 234.92423295974731
    }, 
    {
      "epoch": 7, 
      "val_ppl": 700.5066694810811, 
      "val_loss": 6.5518038867611175, 
      "time_s": 234.26721096038818
    }, 
    {
      "epoch": 8, 
      "val_ppl": 695.8681412393126, 
      "val_loss": 6.54516019014371, 
      "time_s": 234.189355134964
    }, 
    {
      "epoch": 9, 
      "val_ppl": 693.4805243158253, 
      "val_loss": 6.541723156182212, 
      "time_s": 234.02535104751587
    }, 
    {
      "epoch": 10, 
      "val_ppl": 692.1966721466658, 
      "val_loss": 6.5398701235425705, 
      "time_s": 263.0321629047394
    }, 
    {
      "epoch": 11, 
      "val_ppl": 691.4635343162998, 
      "val_loss": 6.538810415536877, 
      "time_s": 273.3507471084595
    }, 
    {
      "epoch": 12, 
      "val_ppl": 690.9060493243945, 
      "val_loss": 6.538003851172722, 
      "time_s": 281.3546450138092
    }, 
    {
      "epoch": 13, 
      "val_ppl": 689.8961822609102, 
      "val_loss": 6.536541125779555, 
      "time_s": 270.7583339214325
    }, 
    {
      "epoch": 14, 
      "val_ppl": 687.0726161160321, 
      "val_loss": 6.532439986950922, 
      "time_s": 269.4256601333618
    }, 
    {
      "epoch": 15, 
      "val_ppl": 681.3810737170161, 
      "val_loss": 6.5241217292570495, 
      "time_s": 270.7286009788513
    }, 
    {
      "epoch": 16, 
      "val_ppl": 673.8051956380438, 
      "val_loss": 6.512941041892625, 
      "time_s": 273.6777470111847
    }, 
    {
      "epoch": 17, 
      "val_ppl": 665.8383996067815, 
      "val_loss": 6.501046997864696, 
      "time_s": 283.06686782836914
    }, 
    {
      "epoch": 18, 
      "val_ppl": 658.3906993221209, 
      "val_loss": 6.489798523081616, 
      "time_s": 274.11770701408386
    }, 
    {
      "epoch": 19, 
      "val_ppl": 651.7828390024566, 
      "val_loss": 6.479711437432212, 
      "time_s": 284.4621090888977
    }, 
    {
      "epoch": 20, 
      "val_ppl": 645.9880302677273, 
      "val_loss": 6.470780974613612, 
      "time_s": 273.83268094062805
    }
  ], 
  "test_ppl": 603.0103204101132
}