{
  "test_loss": 5.063461042702899, 
  "config": {
    "nlayers": 4, 
    "clip": 0.5, 
    "emsize": 50, 
    "nhid": 50, 
    "batch_size": 20, 
    "results": "results/20170326-201352-03.txt", 
    "epochs": 6, 
    "logfile": "logs/20170326-201352-03.txt", 
    "seed": 1111, 
    "lr": 20, 
    "log_interval": 20, 
    "experiment_id": "20170326-201352-03", 
    "sequence_length": 20, 
    "model": "LSTM", 
    "save": "models/20170326-201352-03.pt", 
    "data": "./data/penn"
  }, 
  "epoch_logs": [
    {
      "epoch": 1, 
      "val_ppl": 295.05416349370853, 
      "val_loss": 5.687158944549892, 
      "time_s": 312.1561930179596
    }, 
    {
      "epoch": 2, 
      "val_ppl": 205.74169952947284, 
      "val_loss": 5.326621496237799, 
      "time_s": 313.0968301296234
    }, 
    {
      "epoch": 3, 
      "val_ppl": 183.73643284971192, 
      "val_loss": 5.213502300535521, 
      "time_s": 313.6008858680725
    }, 
    {
      "epoch": 4, 
      "val_ppl": 173.58930739610315, 
      "val_loss": 5.1566922069888825, 
      "time_s": 312.5720839500427
    }, 
    {
      "epoch": 5, 
      "val_ppl": 169.01888318423906, 
      "val_loss": 5.130010443499186, 
      "time_s": 330.89761686325073
    }, 
    {
      "epoch": 6, 
      "val_ppl": 163.97903671851722, 
      "val_loss": 5.099738594766811, 
      "time_s": 341.92512917518616
    }
  ], 
  "test_ppl": 158.13688879375204
}