{
  "test_loss": 4.979843693133568, 
  "config": {
    "weight_decay": 0, 
    "nlayers": 1, 
    "clip": 0.5, 
    "emsize": 50, 
    "nhid": 50, 
    "batch_size": 20, 
    "results": "results/20170329-185950-00.txt", 
    "epochs": 20, 
    "logfile": "logs/20170329-185950-00.txt", 
    "seed": 1111, 
    "lr": 20, 
    "log_interval": 20, 
    "experiment_id": "20170329-185950-00", 
    "sequence_length": 20, 
    "model": "LSTM", 
    "save": "models/20170329-185950-00.pt", 
    "data": "./data/penn", 
    "momentum": 0.5
  }, 
  "epoch_logs": [
    {
      "epoch": 1, 
      "val_ppl": 211.6786747540619, 
      "val_loss": 5.355069439736985, 
      "time_s": 217.83289003372192
    }, 
    {
      "epoch": 2, 
      "val_ppl": 202.9203457988622, 
      "val_loss": 5.31281351681128, 
      "time_s": 217.0688991546631
    }, 
    {
      "epoch": 3, 
      "val_ppl": 207.2036454190837, 
      "val_loss": 5.333702103952007, 
      "time_s": 217.5658779144287
    }, 
    {
      "epoch": 4, 
      "val_ppl": 165.33718707147094, 
      "val_loss": 5.1079869466851955, 
      "time_s": 219.59690403938293
    }, 
    {
      "epoch": 5, 
      "val_ppl": 163.1083386728261, 
      "val_loss": 5.094414634456345, 
      "time_s": 223.1281349658966
    }, 
    {
      "epoch": 6, 
      "val_ppl": 161.85950506679595, 
      "val_loss": 5.086728706277115, 
      "time_s": 223.34980297088623
    }, 
    {
      "epoch": 7, 
      "val_ppl": 161.95107890383426, 
      "val_loss": 5.0872943075515185, 
      "time_s": 223.99449181556702
    }, 
    {
      "epoch": 8, 
      "val_ppl": 154.55395078867377, 
      "val_loss": 5.0405432314262475, 
      "time_s": 223.63146710395813
    }, 
    {
      "epoch": 9, 
      "val_ppl": 154.37251383845106, 
      "val_loss": 5.039368602562364, 
      "time_s": 223.35040092468262
    }, 
    {
      "epoch": 10, 
      "val_ppl": 154.35853453447018, 
      "val_loss": 5.039278042807755, 
      "time_s": 222.3411009311676
    }, 
    {
      "epoch": 11, 
      "val_ppl": 154.47384030558666, 
      "val_loss": 5.0400247635913775, 
      "time_s": 221.65311288833618
    }, 
    {
      "epoch": 12, 
      "val_ppl": 154.47384030558666, 
      "val_loss": 5.0400247635913775, 
      "time_s": 224.4197862148285
    }, 
    {
      "epoch": 13, 
      "val_ppl": 154.47384030558666, 
      "val_loss": 5.0400247635913775, 
      "time_s": 219.505362033844
    }, 
    {
      "epoch": 14, 
      "val_ppl": 154.47384030558666, 
      "val_loss": 5.0400247635913775, 
      "time_s": 229.2530620098114
    }, 
    {
      "epoch": 15, 
      "val_ppl": 154.47384030558666, 
      "val_loss": 5.0400247635913775, 
      "time_s": 212.91459679603577
    }, 
    {
      "epoch": 16, 
      "val_ppl": 154.47384030558666, 
      "val_loss": 5.0400247635913775, 
      "time_s": 213.06396508216858
    }, 
    {
      "epoch": 17, 
      "val_ppl": 154.47384030558666, 
      "val_loss": 5.0400247635913775, 
      "time_s": 213.59699296951294
    }, 
    {
      "epoch": 18, 
      "val_ppl": 154.47384030558666, 
      "val_loss": 5.0400247635913775, 
      "time_s": 214.5126359462738
    }, 
    {
      "epoch": 19, 
      "val_ppl": 154.47384030558666, 
      "val_loss": 5.0400247635913775, 
      "time_s": 212.8516058921814
    }, 
    {
      "epoch": 20, 
      "val_ppl": 154.47384030558666, 
      "val_loss": 5.0400247635913775, 
      "time_s": 213.28742504119873
    }
  ], 
  "test_ppl": 145.45164478587816
}