{
  "test_loss": 5.247992614946015, 
  "config": {
    "nlayers": 6, 
    "clip": 0.5, 
    "emsize": 50, 
    "nhid": 50, 
    "batch_size": 20, 
    "results": "results/20170326-201352-05.txt", 
    "epochs": 6, 
    "logfile": "logs/20170326-201352-05.txt", 
    "seed": 1111, 
    "lr": 20, 
    "log_interval": 20, 
    "experiment_id": "20170326-201352-05", 
    "sequence_length": 20, 
    "model": "LSTM", 
    "save": "models/20170326-201352-05.pt", 
    "data": "./data/penn"
  }, 
  "epoch_logs": [
    {
      "epoch": 1, 
      "val_ppl": 699.1046541118263, 
      "val_loss": 6.549800450786334, 
      "time_s": 361.8367521762848
    }, 
    {
      "epoch": 2, 
      "val_ppl": 698.6682794266401, 
      "val_loss": 6.549176065109815, 
      "time_s": 361.3618469238281
    }, 
    {
      "epoch": 3, 
      "val_ppl": 364.0861451495321, 
      "val_loss": 5.897390502135304, 
      "time_s": 361.7482600212097
    }, 
    {
      "epoch": 4, 
      "val_ppl": 261.3644648772449, 
      "val_loss": 5.565915850393167, 
      "time_s": 362.08039021492004
    }, 
    {
      "epoch": 5, 
      "val_ppl": 215.58382219692476, 
      "val_loss": 5.373349800027115, 
      "time_s": 359.6927099227905
    }, 
    {
      "epoch": 6, 
      "val_ppl": 198.6331032508521, 
      "val_loss": 5.2914594207565075, 
      "time_s": 358.0663731098175
    }
  ], 
  "test_ppl": 190.1841122751658
}