{
  "test_loss": 4.917619969216305, 
  "config": {
    "weight_decay": 0, 
    "nlayers": 1, 
    "clip": 0.5, 
    "emsize": 50, 
    "nhid": 50, 
    "batch_size": 20, 
    "results": "results/20170329-185950-02.txt", 
    "epochs": 20, 
    "logfile": "logs/20170329-185950-02.txt", 
    "seed": 1111, 
    "lr": 20, 
    "log_interval": 20, 
    "experiment_id": "20170329-185950-02", 
    "sequence_length": 20, 
    "model": "LSTM", 
    "save": "models/20170329-185950-02.pt", 
    "data": "./data/penn", 
    "momentum": 0.1
  }, 
  "epoch_logs": [
    {
      "epoch": 1, 
      "val_ppl": 192.24793843336582, 
      "val_loss": 5.258785884964751, 
      "time_s": 218.32018494606018
    }, 
    {
      "epoch": 2, 
      "val_ppl": 175.65124340497243, 
      "val_loss": 5.1685004575650755, 
      "time_s": 218.5651581287384
    }, 
    {
      "epoch": 3, 
      "val_ppl": 170.687939012947, 
      "val_loss": 5.139836971258134, 
      "time_s": 218.59489798545837
    }, 
    {
      "epoch": 4, 
      "val_ppl": 170.404065448529, 
      "val_loss": 5.138172472376627, 
      "time_s": 218.57297682762146
    }, 
    {
      "epoch": 5, 
      "val_ppl": 172.9671327175737, 
      "val_loss": 5.153101592156996, 
      "time_s": 218.23425698280334
    }, 
    {
      "epoch": 6, 
      "val_ppl": 149.06624793194655, 
      "val_loss": 5.004390824125542, 
      "time_s": 218.3931519985199
    }, 
    {
      "epoch": 7, 
      "val_ppl": 148.342044948954, 
      "val_loss": 4.99952072176654, 
      "time_s": 218.64666509628296
    }, 
    {
      "epoch": 8, 
      "val_ppl": 148.73465828173076, 
      "val_loss": 5.002163901504881, 
      "time_s": 218.489520072937
    }, 
    {
      "epoch": 9, 
      "val_ppl": 143.90037819008128, 
      "val_loss": 4.969121242034978, 
      "time_s": 218.85830307006836
    }, 
    {
      "epoch": 10, 
      "val_ppl": 143.7090707536967, 
      "val_loss": 4.967790913943872, 
      "time_s": 218.88633608818054
    }, 
    {
      "epoch": 11, 
      "val_ppl": 143.74712917880606, 
      "val_loss": 4.968055708547993, 
      "time_s": 217.75765204429626
    }, 
    {
      "epoch": 12, 
      "val_ppl": 143.74712917880606, 
      "val_loss": 4.968055708547993, 
      "time_s": 215.5976231098175
    }, 
    {
      "epoch": 13, 
      "val_ppl": 143.74712917880606, 
      "val_loss": 4.968055708547993, 
      "time_s": 218.55684995651245
    }, 
    {
      "epoch": 14, 
      "val_ppl": 143.74712917880606, 
      "val_loss": 4.968055708547993, 
      "time_s": 252.69370698928833
    }, 
    {
      "epoch": 15, 
      "val_ppl": 143.74712917880606, 
      "val_loss": 4.968055708547993, 
      "time_s": 253.00266289710999
    }, 
    {
      "epoch": 16, 
      "val_ppl": 143.74712917880606, 
      "val_loss": 4.968055708547993, 
      "time_s": 260.4358241558075
    }, 
    {
      "epoch": 17, 
      "val_ppl": 143.74712917880606, 
      "val_loss": 4.968055708547993, 
      "time_s": 247.52747797966003
    }, 
    {
      "epoch": 18, 
      "val_ppl": 143.74712917880606, 
      "val_loss": 4.968055708547993, 
      "time_s": 248.42265701293945
    }, 
    {
      "epoch": 19, 
      "val_ppl": 143.74712917880606, 
      "val_loss": 4.968055708547993, 
      "time_s": 249.6356029510498
    }, 
    {
      "epoch": 20, 
      "val_ppl": 143.74712917880606, 
      "val_loss": 4.968055708547993, 
      "time_s": 253.5717430114746
    }
  ], 
  "test_ppl": 136.67693047082005
}