{
  "test_loss": 5.15332659150188, 
  "config": {
    "nlayers": 5, 
    "clip": 0.5, 
    "emsize": 50, 
    "nhid": 50, 
    "batch_size": 20, 
    "results": "results/20170326-201352-04.txt", 
    "epochs": 6, 
    "logfile": "logs/20170326-201352-04.txt", 
    "seed": 1111, 
    "lr": 20, 
    "log_interval": 20, 
    "experiment_id": "20170326-201352-04", 
    "sequence_length": 20, 
    "model": "LSTM", 
    "save": "models/20170326-201352-04.pt", 
    "data": "./data/penn"
  }, 
  "epoch_logs": [
    {
      "epoch": 1, 
      "val_ppl": 633.8270568845894, 
      "val_loss": 6.451776136286605, 
      "time_s": 336.43562412261963
    }, 
    {
      "epoch": 2, 
      "val_ppl": 257.28608569214754, 
      "val_loss": 5.5501886396759765, 
      "time_s": 336.4896490573883
    }, 
    {
      "epoch": 3, 
      "val_ppl": 209.49704110221404, 
      "val_loss": 5.344709615645336, 
      "time_s": 335.98066115379333
    }, 
    {
      "epoch": 4, 
      "val_ppl": 193.31810394001343, 
      "val_loss": 5.264337039045553, 
      "time_s": 336.6626498699188
    }, 
    {
      "epoch": 5, 
      "val_ppl": 183.32888634887559, 
      "val_loss": 5.211281732985358, 
      "time_s": 336.1413531303406
    }, 
    {
      "epoch": 6, 
      "val_ppl": 178.66678128024967, 
      "val_loss": 5.185522513896421, 
      "time_s": 336.87189292907715
    }
  ], 
  "test_ppl": 173.00605458765511
}