{
  "test_loss": 4.9624430387904885, 
  "config": {
    "weight_decay": 0, 
    "nlayers": 6, 
    "clip": 0.5, 
    "emsize": 50, 
    "nhid": 50, 
    "batch_size": 20, 
    "results": "results/20170329-104935-03.txt", 
    "epochs": 20, 
    "logfile": "logs/20170329-104935-03.txt", 
    "seed": 1111, 
    "lr": 20, 
    "log_interval": 20, 
    "experiment_id": "20170329-104935-03", 
    "sequence_length": 20, 
    "model": "LSTM", 
    "save": "models/20170329-104935-03.pt", 
    "data": "./data/penn", 
    "momentum": 0.05
  }, 
  "epoch_logs": [
    {
      "epoch": 1, 
      "val_ppl": 700.1191018277381, 
      "val_loss": 6.551250466038503, 
      "time_s": 365.16518902778625
    }, 
    {
      "epoch": 2, 
      "val_ppl": 699.9804455149834, 
      "val_loss": 6.551052399674621, 
      "time_s": 364.2819471359253
    }, 
    {
      "epoch": 3, 
      "val_ppl": 335.52326711347524, 
      "val_loss": 5.815691304568872, 
      "time_s": 365.2012300491333
    }, 
    {
      "epoch": 4, 
      "val_ppl": 245.0595850853611, 
      "val_loss": 5.501501385405369, 
      "time_s": 364.5157058238983
    }, 
    {
      "epoch": 5, 
      "val_ppl": 213.1841620093442, 
      "val_loss": 5.362156402521692, 
      "time_s": 364.52042293548584
    }, 
    {
      "epoch": 6, 
      "val_ppl": 196.9422998664191, 
      "val_loss": 5.2829107917570495, 
      "time_s": 362.1808080673218
    }, 
    {
      "epoch": 7, 
      "val_ppl": 188.7773005227645, 
      "val_loss": 5.240568016201193, 
      "time_s": 367.2723808288574
    }, 
    {
      "epoch": 8, 
      "val_ppl": 183.69809874540528, 
      "val_loss": 5.213293642387473, 
      "time_s": 365.6973190307617
    }, 
    {
      "epoch": 9, 
      "val_ppl": 182.3328474240879, 
      "val_loss": 5.205833848800163, 
      "time_s": 365.56000208854675
    }, 
    {
      "epoch": 10, 
      "val_ppl": 180.63925160287013, 
      "val_loss": 5.196501957361714, 
      "time_s": 364.7026700973511
    }, 
    {
      "epoch": 11, 
      "val_ppl": 177.38419656939274, 
      "val_loss": 5.178317982307484, 
      "time_s": 364.69398498535156
    }, 
    {
      "epoch": 12, 
      "val_ppl": 195.56559610656043, 
      "val_loss": 5.275895853104664, 
      "time_s": 368.2040388584137
    }, 
    {
      "epoch": 13, 
      "val_ppl": 157.96892222033782, 
      "val_loss": 5.062398318872018, 
      "time_s": 368.2596700191498
    }, 
    {
      "epoch": 14, 
      "val_ppl": 155.14866904678493, 
      "val_loss": 5.044383812364425, 
      "time_s": 367.3739581108093
    }, 
    {
      "epoch": 15, 
      "val_ppl": 153.94137405109058, 
      "val_loss": 5.036571841953633, 
      "time_s": 371.8958349227905
    }, 
    {
      "epoch": 16, 
      "val_ppl": 153.15974022170133, 
      "val_loss": 5.0314814304840025, 
      "time_s": 369.0656590461731
    }, 
    {
      "epoch": 17, 
      "val_ppl": 152.80933337412264, 
      "val_loss": 5.0291909571583515, 
      "time_s": 368.8425121307373
    }, 
    {
      "epoch": 18, 
      "val_ppl": 152.74719471010317, 
      "val_loss": 5.028784232646421, 
      "time_s": 378.94029211997986
    }, 
    {
      "epoch": 19, 
      "val_ppl": 152.87837899458302, 
      "val_loss": 5.029642696752982, 
      "time_s": 366.40650391578674
    }, 
    {
      "epoch": 20, 
      "val_ppl": 149.45072592591896, 
      "val_loss": 5.006966746034436, 
      "time_s": 369.127112865448
    }
  ], 
  "test_ppl": 142.9425839495428
}