{
  "test_loss": 4.901445260372437, 
  "config": {
    "weight_decay": 0, 
    "nlayers": 1, 
    "clip": 0.5, 
    "emsize": 50, 
    "nhid": 50, 
    "batch_size": 20, 
    "results": "results/20170329-185950-01.txt", 
    "epochs": 20, 
    "logfile": "logs/20170329-185950-01.txt", 
    "seed": 1111, 
    "lr": 20, 
    "log_interval": 20, 
    "experiment_id": "20170329-185950-01", 
    "sequence_length": 20, 
    "model": "LSTM", 
    "save": "models/20170329-185950-01.pt", 
    "data": "./data/penn", 
    "momentum": 0.2
  }, 
  "epoch_logs": [
    {
      "epoch": 1, 
      "val_ppl": 192.4603345988683, 
      "val_loss": 5.259890078463937, 
      "time_s": 218.84913110733032
    }, 
    {
      "epoch": 2, 
      "val_ppl": 175.96370619079795, 
      "val_loss": 5.17027775894794, 
      "time_s": 219.2068531513214
    }, 
    {
      "epoch": 3, 
      "val_ppl": 172.54006488962926, 
      "val_loss": 5.150629469732918, 
      "time_s": 218.68065690994263
    }, 
    {
      "epoch": 4, 
      "val_ppl": 173.78679555784902, 
      "val_loss": 5.157829235018981, 
      "time_s": 219.15776991844177
    }, 
    {
      "epoch": 5, 
      "val_ppl": 147.79188827390922, 
      "val_loss": 4.9958051238815075, 
      "time_s": 218.7192461490631
    }, 
    {
      "epoch": 6, 
      "val_ppl": 146.67189780996975, 
      "val_loss": 4.988198104494306, 
      "time_s": 219.36392402648926
    }, 
    {
      "epoch": 7, 
      "val_ppl": 146.7896239502856, 
      "val_loss": 4.989000432144794, 
      "time_s": 223.24141311645508
    }, 
    {
      "epoch": 8, 
      "val_ppl": 141.1203065288421, 
      "val_loss": 4.949612764370933, 
      "time_s": 223.8777620792389
    }, 
    {
      "epoch": 9, 
      "val_ppl": 140.83711819199618, 
      "val_loss": 4.947604032504067, 
      "time_s": 220.0101878643036
    }, 
    {
      "epoch": 10, 
      "val_ppl": 140.84196635360505, 
      "val_loss": 4.947638455802603, 
      "time_s": 237.5838270187378
    }, 
    {
      "epoch": 11, 
      "val_ppl": 140.84196635360505, 
      "val_loss": 4.947638455802603, 
      "time_s": 223.4822540283203
    }, 
    {
      "epoch": 12, 
      "val_ppl": 140.84196635360505, 
      "val_loss": 4.947638455802603, 
      "time_s": 217.40632009506226
    }, 
    {
      "epoch": 13, 
      "val_ppl": 140.84196635360505, 
      "val_loss": 4.947638455802603, 
      "time_s": 216.33021712303162
    }, 
    {
      "epoch": 14, 
      "val_ppl": 140.84196635360505, 
      "val_loss": 4.947638455802603, 
      "time_s": 216.59646105766296
    }, 
    {
      "epoch": 15, 
      "val_ppl": 140.84196635360505, 
      "val_loss": 4.947638455802603, 
      "time_s": 217.13545083999634
    }, 
    {
      "epoch": 16, 
      "val_ppl": 140.84196635360505, 
      "val_loss": 4.947638455802603, 
      "time_s": 216.05342197418213
    }, 
    {
      "epoch": 17, 
      "val_ppl": 140.84196635360505, 
      "val_loss": 4.947638455802603, 
      "time_s": 216.54316687583923
    }, 
    {
      "epoch": 18, 
      "val_ppl": 140.84196635360505, 
      "val_loss": 4.947638455802603, 
      "time_s": 216.10734105110168
    }, 
    {
      "epoch": 19, 
      "val_ppl": 140.84196635360505, 
      "val_loss": 4.947638455802603, 
      "time_s": 216.17495918273926
    }, 
    {
      "epoch": 20, 
      "val_ppl": 140.84196635360505, 
      "val_loss": 4.947638455802603, 
      "time_s": 216.6738429069519
    }
  ], 
  "test_ppl": 134.48400370026624
}