{
  "test_loss": 4.900244430880747, 
  "config": {
    "weight_decay": 0, 
    "nlayers": 1, 
    "clip": 0.5, 
    "emsize": 50, 
    "nhid": 50, 
    "batch_size": 20, 
    "results": "results/20170329-185934-00.txt", 
    "epochs": 20, 
    "logfile": "logs/20170329-185934-00.txt", 
    "seed": 1111, 
    "lr": 10, 
    "log_interval": 20, 
    "experiment_id": "20170329-185934-00", 
    "sequence_length": 20, 
    "model": "LSTM", 
    "save": "models/20170329-185934-00.pt", 
    "data": "./data/penn", 
    "momentum": 0
  }, 
  "epoch_logs": [
    {
      "epoch": 1, 
      "val_ppl": 211.23308758800115, 
      "val_loss": 5.352962204277386, 
      "time_s": 211.41097402572632
    }, 
    {
      "epoch": 2, 
      "val_ppl": 176.50316082529028, 
      "val_loss": 5.173338784571584, 
      "time_s": 212.415913105011
    }, 
    {
      "epoch": 3, 
      "val_ppl": 161.94661905297377, 
      "val_loss": 5.08726676891269, 
      "time_s": 212.48335099220276
    }, 
    {
      "epoch": 4, 
      "val_ppl": 157.27891132384815, 
      "val_loss": 5.058020734476681, 
      "time_s": 213.61612701416016
    }, 
    {
      "epoch": 5, 
      "val_ppl": 155.2546159678715, 
      "val_loss": 5.045066452853851, 
      "time_s": 218.65408492088318
    }, 
    {
      "epoch": 6, 
      "val_ppl": 154.2893106790945, 
      "val_loss": 5.038829480748373, 
      "time_s": 218.5752558708191
    }, 
    {
      "epoch": 7, 
      "val_ppl": 155.7483151818842, 
      "val_loss": 5.048241340157267, 
      "time_s": 218.55075883865356
    }, 
    {
      "epoch": 8, 
      "val_ppl": 141.0630705227451, 
      "val_loss": 4.949207099037419, 
      "time_s": 218.6868839263916
    }, 
    {
      "epoch": 9, 
      "val_ppl": 140.69517836836187, 
      "val_loss": 4.946595694651573, 
      "time_s": 219.57744908332825
    }, 
    {
      "epoch": 10, 
      "val_ppl": 140.91254464432114, 
      "val_loss": 4.948139447193601, 
      "time_s": 217.53273582458496
    }, 
    {
      "epoch": 11, 
      "val_ppl": 140.91254464432114, 
      "val_loss": 4.948139447193601, 
      "time_s": 217.0591380596161
    }, 
    {
      "epoch": 12, 
      "val_ppl": 140.91254464432114, 
      "val_loss": 4.948139447193601, 
      "time_s": 217.68474507331848
    }, 
    {
      "epoch": 13, 
      "val_ppl": 140.91254464432114, 
      "val_loss": 4.948139447193601, 
      "time_s": 218.27553510665894
    }, 
    {
      "epoch": 14, 
      "val_ppl": 140.91254464432114, 
      "val_loss": 4.948139447193601, 
      "time_s": 224.97024202346802
    }, 
    {
      "epoch": 15, 
      "val_ppl": 140.91254464432114, 
      "val_loss": 4.948139447193601, 
      "time_s": 211.1955361366272
    }, 
    {
      "epoch": 16, 
      "val_ppl": 140.91254464432114, 
      "val_loss": 4.948139447193601, 
      "time_s": 208.9467248916626
    }, 
    {
      "epoch": 17, 
      "val_ppl": 140.91254464432114, 
      "val_loss": 4.948139447193601, 
      "time_s": 208.79538416862488
    }, 
    {
      "epoch": 18, 
      "val_ppl": 140.91254464432114, 
      "val_loss": 4.948139447193601, 
      "time_s": 211.18123292922974
    }, 
    {
      "epoch": 19, 
      "val_ppl": 140.91254464432114, 
      "val_loss": 4.948139447193601, 
      "time_s": 208.8119180202484
    }, 
    {
      "epoch": 20, 
      "val_ppl": 140.91254464432114, 
      "val_loss": 4.948139447193601, 
      "time_s": 208.80573415756226
    }
  ], 
  "test_ppl": 134.32260826605523
}