{
  "test_loss": 5.7634588628230015, 
  "config": {
    "weight_decay": 0, 
    "nlayers": 1, 
    "clip": 0.5, 
    "emsize": 50, 
    "nhid": 50, 
    "batch_size": 20, 
    "results": "results/20170329-185934-03.txt", 
    "epochs": 20, 
    "logfile": "logs/20170329-185934-03.txt", 
    "seed": 1111, 
    "lr": 0.1, 
    "log_interval": 20, 
    "experiment_id": "20170329-185934-03", 
    "sequence_length": 20, 
    "model": "LSTM", 
    "save": "models/20170329-185934-03.pt", 
    "data": "./data/penn", 
    "momentum": 0
  }, 
  "epoch_logs": [
    {
      "epoch": 1, 
      "val_ppl": 1821.6364232777423, 
      "val_loss": 7.507490509761388, 
      "time_s": 251.5344569683075
    }, 
    {
      "epoch": 2, 
      "val_ppl": 1380.4572470137368, 
      "val_loss": 7.230170061686551, 
      "time_s": 247.44358897209167
    }, 
    {
      "epoch": 3, 
      "val_ppl": 879.0259498220711, 
      "val_loss": 6.77881441923129, 
      "time_s": 264.6189510822296
    }, 
    {
      "epoch": 4, 
      "val_ppl": 646.6928154233285, 
      "val_loss": 6.471871398793384, 
      "time_s": 247.99276304244995
    }, 
    {
      "epoch": 5, 
      "val_ppl": 568.4586681116682, 
      "val_loss": 6.342928607138015, 
      "time_s": 264.491317987442
    }, 
    {
      "epoch": 6, 
      "val_ppl": 520.6900865829746, 
      "val_loss": 6.255155021353037, 
      "time_s": 246.72423100471497
    }, 
    {
      "epoch": 7, 
      "val_ppl": 486.9502620293728, 
      "val_loss": 6.188161986510304, 
      "time_s": 242.42404699325562
    }, 
    {
      "epoch": 8, 
      "val_ppl": 459.21570439744374, 
      "val_loss": 6.129520043892353, 
      "time_s": 255.62574911117554
    }, 
    {
      "epoch": 9, 
      "val_ppl": 433.34664321782395, 
      "val_loss": 6.071537969427874, 
      "time_s": 249.90088486671448
    }, 
    {
      "epoch": 10, 
      "val_ppl": 418.1651672009837, 
      "val_loss": 6.035876491323211, 
      "time_s": 240.73817014694214
    }, 
    {
      "epoch": 11, 
      "val_ppl": 402.0226451896682, 
      "val_loss": 5.9965084183500545, 
      "time_s": 241.13410186767578
    }, 
    {
      "epoch": 12, 
      "val_ppl": 388.1574098155975, 
      "val_loss": 5.9614109527521695, 
      "time_s": 241.23807501792908
    }, 
    {
      "epoch": 13, 
      "val_ppl": 377.2651216552482, 
      "val_loss": 5.932948180755152, 
      "time_s": 240.19439506530762
    }, 
    {
      "epoch": 14, 
      "val_ppl": 368.08711460558544, 
      "val_loss": 5.908319634625814, 
      "time_s": 240.45073008537292
    }, 
    {
      "epoch": 15, 
      "val_ppl": 360.2366285812543, 
      "val_loss": 5.886761117136659, 
      "time_s": 241.4116039276123
    }, 
    {
      "epoch": 16, 
      "val_ppl": 353.04458782890765, 
      "val_loss": 5.866594360086768, 
      "time_s": 241.5906331539154
    }, 
    {
      "epoch": 17, 
      "val_ppl": 346.0881311117618, 
      "val_loss": 5.846693456819414, 
      "time_s": 240.1013798713684
    }, 
    {
      "epoch": 18, 
      "val_ppl": 339.64465019772354, 
      "val_loss": 5.827899924586497, 
      "time_s": 242.7742738723755
    }, 
    {
      "epoch": 19, 
      "val_ppl": 334.20173437809507, 
      "val_loss": 5.811744805789045, 
      "time_s": 241.50295090675354
    }, 
    {
      "epoch": 20, 
      "val_ppl": 330.06510629021415, 
      "val_loss": 5.799289926789588, 
      "time_s": 239.9995720386505
    }
  ], 
  "test_ppl": 318.4478937804571
}