{
  "test_loss": 4.9054093245784305, 
  "config": {
    "weight_decay": 0, 
    "nlayers": 1, 
    "clip": 0.5, 
    "emsize": 50, 
    "nhid": 50, 
    "batch_size": 20, 
    "results": "results/20170329-185950-05.txt", 
    "epochs": 20, 
    "logfile": "logs/20170329-185950-05.txt", 
    "seed": 1111, 
    "lr": 20, 
    "log_interval": 20, 
    "experiment_id": "20170329-185950-05", 
    "sequence_length": 20, 
    "model": "LSTM", 
    "save": "models/20170329-185950-05.pt", 
    "data": "./data/penn", 
    "momentum": 0.01
  }, 
  "epoch_logs": [
    {
      "epoch": 1, 
      "val_ppl": 192.99567394504766, 
      "val_loss": 5.262667773861171, 
      "time_s": 235.42251300811768
    }, 
    {
      "epoch": 2, 
      "val_ppl": 173.29877297130992, 
      "val_loss": 5.155017116323211, 
      "time_s": 236.03561902046204
    }, 
    {
      "epoch": 3, 
      "val_ppl": 167.89444881994578, 
      "val_loss": 5.1233355011184925, 
      "time_s": 235.0962941646576
    }, 
    {
      "epoch": 4, 
      "val_ppl": 166.81512507819997, 
      "val_loss": 5.11688616374051, 
      "time_s": 236.043231010437
    }, 
    {
      "epoch": 5, 
      "val_ppl": 172.31123012928077, 
      "val_loss": 5.14930231917706, 
      "time_s": 235.32016396522522
    }, 
    {
      "epoch": 6, 
      "val_ppl": 146.6714317555847, 
      "val_loss": 4.988194926959056, 
      "time_s": 238.96046614646912
    }, 
    {
      "epoch": 7, 
      "val_ppl": 145.96520201176867, 
      "val_loss": 4.98336825091513, 
      "time_s": 236.65357494354248
    }, 
    {
      "epoch": 8, 
      "val_ppl": 146.5260174745283, 
      "val_loss": 4.987203006372018, 
      "time_s": 235.48553895950317
    }, 
    {
      "epoch": 9, 
      "val_ppl": 141.87407979903597, 
      "val_loss": 4.9549399022166485, 
      "time_s": 246.1273651123047
    }, 
    {
      "epoch": 10, 
      "val_ppl": 141.73845089294917, 
      "val_loss": 4.953983464106562, 
      "time_s": 241.2817668914795
    }, 
    {
      "epoch": 11, 
      "val_ppl": 141.85574804796556, 
      "val_loss": 4.954810682449837, 
      "time_s": 237.51787686347961
    }, 
    {
      "epoch": 12, 
      "val_ppl": 141.85574804796556, 
      "val_loss": 4.954810682449837, 
      "time_s": 240.41591501235962
    }, 
    {
      "epoch": 13, 
      "val_ppl": 141.85574804796556, 
      "val_loss": 4.954810682449837, 
      "time_s": 235.3464391231537
    }, 
    {
      "epoch": 14, 
      "val_ppl": 141.85574804796556, 
      "val_loss": 4.954810682449837, 
      "time_s": 232.5937740802765
    }, 
    {
      "epoch": 15, 
      "val_ppl": 141.85574804796556, 
      "val_loss": 4.954810682449837, 
      "time_s": 239.003751039505
    }, 
    {
      "epoch": 16, 
      "val_ppl": 141.85574804796556, 
      "val_loss": 4.954810682449837, 
      "time_s": 233.34900903701782
    }, 
    {
      "epoch": 17, 
      "val_ppl": 141.85574804796556, 
      "val_loss": 4.954810682449837, 
      "time_s": 241.68042397499084
    }, 
    {
      "epoch": 18, 
      "val_ppl": 141.85574804796556, 
      "val_loss": 4.954810682449837, 
      "time_s": 245.8793590068817
    }, 
    {
      "epoch": 19, 
      "val_ppl": 141.85574804796556, 
      "val_loss": 4.954810682449837, 
      "time_s": 241.11621689796448
    }, 
    {
      "epoch": 20, 
      "val_ppl": 141.85574804796556, 
      "val_loss": 4.954810682449837, 
      "time_s": 241.72362112998962
    }
  ], 
  "test_ppl": 135.01816495088474
}