{
  "test_loss": 6.466576280632052, 
  "config": {
    "weight_decay": 0, 
    "nlayers": 6, 
    "clip": 0.5, 
    "emsize": 50, 
    "nhid": 50, 
    "batch_size": 20, 
    "results": "results/20170329-104938-02.txt", 
    "epochs": 20, 
    "logfile": "logs/20170329-104938-02.txt", 
    "seed": 1111, 
    "lr": 1, 
    "log_interval": 20, 
    "experiment_id": "20170329-104938-02", 
    "sequence_length": 20, 
    "model": "LSTM", 
    "save": "models/20170329-104938-02.pt", 
    "data": "./data/penn", 
    "momentum": 0
  }, 
  "epoch_logs": [
    {
      "epoch": 1, 
      "val_ppl": 885.018473838493, 
      "val_loss": 6.78560851918384, 
      "time_s": 313.19904804229736
    }, 
    {
      "epoch": 2, 
      "val_ppl": 783.7055474673003, 
      "val_loss": 6.664033372593547, 
      "time_s": 311.76803517341614
    }, 
    {
      "epoch": 3, 
      "val_ppl": 743.7978365265882, 
      "val_loss": 6.6117692728104664, 
      "time_s": 313.4303729534149
    }, 
    {
      "epoch": 4, 
      "val_ppl": 722.9567480939168, 
      "val_loss": 6.583349397539317, 
      "time_s": 313.9166610240936
    }, 
    {
      "epoch": 5, 
      "val_ppl": 710.5085561260063, 
      "val_loss": 6.565980989865781, 
      "time_s": 313.2936499118805
    }, 
    {
      "epoch": 6, 
      "val_ppl": 702.4261521587949, 
      "val_loss": 6.554540274200108, 
      "time_s": 315.59653306007385
    }, 
    {
      "epoch": 7, 
      "val_ppl": 696.8675589823919, 
      "val_loss": 6.546595376898048, 
      "time_s": 330.31085896492004
    }, 
    {
      "epoch": 8, 
      "val_ppl": 692.8869194180993, 
      "val_loss": 6.540866810432484, 
      "time_s": 331.48571491241455
    }, 
    {
      "epoch": 9, 
      "val_ppl": 689.9389308893235, 
      "val_loss": 6.5366030877169194, 
      "time_s": 330.72261905670166
    }, 
    {
      "epoch": 10, 
      "val_ppl": 687.7053067737863, 
      "val_loss": 6.533360412994848, 
      "time_s": 340.0716359615326
    }, 
    {
      "epoch": 11, 
      "val_ppl": 685.980430924146, 
      "val_loss": 6.53084910096936, 
      "time_s": 334.7046399116516
    }, 
    {
      "epoch": 12, 
      "val_ppl": 684.623441669203, 
      "val_loss": 6.52886896691974, 
      "time_s": 342.84663701057434
    }, 
    {
      "epoch": 13, 
      "val_ppl": 683.5481816033459, 
      "val_loss": 6.5272971461496745, 
      "time_s": 349.63117599487305
    }, 
    {
      "epoch": 14, 
      "val_ppl": 682.6864418706116, 
      "val_loss": 6.52603566465564, 
      "time_s": 337.9695358276367
    }, 
    {
      "epoch": 15, 
      "val_ppl": 681.9904643406873, 
      "val_loss": 6.525015675840564, 
      "time_s": 334.36185812950134
    }, 
    {
      "epoch": 16, 
      "val_ppl": 681.4232947164613, 
      "val_loss": 6.524183691194414, 
      "time_s": 338.9074170589447
    }, 
    {
      "epoch": 17, 
      "val_ppl": 680.962974502102, 
      "val_loss": 6.523507935364696, 
      "time_s": 332.2069079875946
    }, 
    {
      "epoch": 18, 
      "val_ppl": 680.5822550115, 
      "val_loss": 6.522948689160792, 
      "time_s": 333.44902515411377
    }, 
    {
      "epoch": 19, 
      "val_ppl": 680.2752387581371, 
      "val_loss": 6.522497479155369, 
      "time_s": 331.9749891757965
    }, 
    {
      "epoch": 20, 
      "val_ppl": 680.0212983370523, 
      "val_loss": 6.522124118763558, 
      "time_s": 335.1147029399872
    }
  ], 
  "test_ppl": 643.2775506466905
}