{
  "test_loss": 6.4588974167475435, 
  "config": {
    "weight_decay": 0.01, 
    "nlayers": 6, 
    "clip": 0.5, 
    "emsize": 50, 
    "nhid": 50, 
    "batch_size": 20, 
    "results": "results/20170329-104931-00.txt", 
    "epochs": 20, 
    "logfile": "logs/20170329-104931-00.txt", 
    "seed": 1111, 
    "lr": 0.001, 
    "log_interval": 20, 
    "experiment_id": "20170329-104931-00", 
    "sequence_length": 20, 
    "model": "LSTM", 
    "save": "models/20170329-104931-00.pt", 
    "data": "./data/penn", 
    "momentum": 0.05
  }, 
  "epoch_logs": [
    {
      "epoch": 1, 
      "val_ppl": 708.9198093683175, 
      "val_loss": 6.563742416282538, 
      "time_s": 330.21564984321594
    }, 
    {
      "epoch": 2, 
      "val_ppl": 706.3059718907465, 
      "val_loss": 6.560048531555044, 
      "time_s": 350.0905411243439
    }, 
    {
      "epoch": 3, 
      "val_ppl": 712.8785339657463, 
      "val_loss": 6.569311046807212, 
      "time_s": 346.3533139228821
    }, 
    {
      "epoch": 4, 
      "val_ppl": 715.521241799333, 
      "val_loss": 6.573011286605206, 
      "time_s": 359.952730178833
    }, 
    {
      "epoch": 5, 
      "val_ppl": 697.988167460146, 
      "val_loss": 6.5482021505558565, 
      "time_s": 346.84813809394836
    }, 
    {
      "epoch": 6, 
      "val_ppl": 699.8288447793062, 
      "val_loss": 6.550835797688449, 
      "time_s": 343.33157682418823
    }, 
    {
      "epoch": 7, 
      "val_ppl": 697.286929939414, 
      "val_loss": 6.547196990238612, 
      "time_s": 345.0646948814392
    }, 
    {
      "epoch": 8, 
      "val_ppl": 698.3749253355915, 
      "val_loss": 6.548756100867679, 
      "time_s": 342.34085416793823
    }, 
    {
      "epoch": 9, 
      "val_ppl": 692.7779451942807, 
      "val_loss": 6.540709522437636, 
      "time_s": 339.6461429595947
    }, 
    {
      "epoch": 10, 
      "val_ppl": 693.7303059541175, 
      "val_loss": 6.542083276843818, 
      "time_s": 345.78762912750244
    }, 
    {
      "epoch": 11, 
      "val_ppl": 691.7550842978993, 
      "val_loss": 6.539231968546638, 
      "time_s": 350.7149031162262
    }, 
    {
      "epoch": 12, 
      "val_ppl": 691.2511757892897, 
      "val_loss": 6.538503253796096, 
      "time_s": 339.2823951244354
    }, 
    {
      "epoch": 13, 
      "val_ppl": 690.081079989428, 
      "val_loss": 6.536809097918926, 
      "time_s": 341.73635387420654
    }, 
    {
      "epoch": 14, 
      "val_ppl": 689.0403060678569, 
      "val_loss": 6.535299768675434, 
      "time_s": 345.77923798561096
    }, 
    {
      "epoch": 15, 
      "val_ppl": 689.2687765395009, 
      "val_loss": 6.535631291519794, 
      "time_s": 349.6609799861908
    }, 
    {
      "epoch": 16, 
      "val_ppl": 689.1052628086479, 
      "val_loss": 6.535394035554501, 
      "time_s": 340.76957297325134
    }, 
    {
      "epoch": 17, 
      "val_ppl": 688.8998306898324, 
      "val_loss": 6.53509587683026, 
      "time_s": 341.6401598453522
    }, 
    {
      "epoch": 18, 
      "val_ppl": 688.93047742043, 
      "val_loss": 6.5351403623237525, 
      "time_s": 323.6991112232208
    }, 
    {
      "epoch": 19, 
      "val_ppl": 688.9326665247847, 
      "val_loss": 6.5351435398590025, 
      "time_s": 330.96880888938904
    }, 
    {
      "epoch": 20, 
      "val_ppl": 688.9348556360949, 
      "val_loss": 6.535146717394252, 
      "time_s": 334.19413781166077
    }
  ], 
  "test_ppl": 638.3568268585684
}