{
  "test_loss": 5.122911580280237, 
  "config": {
    "weight_decay": 0, 
    "nlayers": 6, 
    "clip": 0.5, 
    "emsize": 50, 
    "nhid": 50, 
    "batch_size": 20, 
    "results": "results/20170329-104935-00.txt", 
    "epochs": 20, 
    "logfile": "logs/20170329-104935-00.txt", 
    "seed": 1111, 
    "lr": 20, 
    "log_interval": 20, 
    "experiment_id": "20170329-104935-00", 
    "sequence_length": 20, 
    "model": "LSTM", 
    "save": "models/20170329-104935-00.pt", 
    "data": "./data/penn", 
    "momentum": 0.5
  }, 
  "epoch_logs": [
    {
      "epoch": 1, 
      "val_ppl": 714.3819424218009, 
      "val_loss": 6.571417752677603, 
      "time_s": 306.69905614852905
    }, 
    {
      "epoch": 2, 
      "val_ppl": 309.9614119532525, 
      "val_loss": 5.736447812161063, 
      "time_s": 305.7864170074463
    }, 
    {
      "epoch": 3, 
      "val_ppl": 281.0666717007301, 
      "val_loss": 5.638591907029555, 
      "time_s": 311.07537293434143
    }, 
    {
      "epoch": 4, 
      "val_ppl": 264.1862457574192, 
      "val_loss": 5.57665433076871, 
      "time_s": 325.4833929538727
    }, 
    {
      "epoch": 5, 
      "val_ppl": 238.0021511492701, 
      "val_loss": 5.47227971207294, 
      "time_s": 339.31661105155945
    }, 
    {
      "epoch": 6, 
      "val_ppl": 238.7634075349767, 
      "val_loss": 5.475473134998644, 
      "time_s": 344.10929107666016
    }, 
    {
      "epoch": 7, 
      "val_ppl": 194.68104826056265, 
      "val_loss": 5.271362569482104, 
      "time_s": 345.5232791900635
    }, 
    {
      "epoch": 8, 
      "val_ppl": 188.02997526730067, 
      "val_loss": 5.236601393031453, 
      "time_s": 344.8641221523285
    }, 
    {
      "epoch": 9, 
      "val_ppl": 184.27053542290048, 
      "val_loss": 5.2164049789859, 
      "time_s": 345.6419200897217
    }, 
    {
      "epoch": 10, 
      "val_ppl": 181.33549759268575, 
      "val_loss": 5.20034889337039, 
      "time_s": 343.8826310634613
    }, 
    {
      "epoch": 11, 
      "val_ppl": 179.19658566663017, 
      "val_loss": 5.188483447159707, 
      "time_s": 344.71288800239563
    }, 
    {
      "epoch": 12, 
      "val_ppl": 178.31164735933243, 
      "val_loss": 5.183532847241052, 
      "time_s": 344.70631194114685
    }, 
    {
      "epoch": 13, 
      "val_ppl": 177.38579356943717, 
      "val_loss": 5.1783269853240235, 
      "time_s": 346.2711009979248
    }, 
    {
      "epoch": 14, 
      "val_ppl": 176.04060348408396, 
      "val_loss": 5.17071467004474, 
      "time_s": 345.7662990093231
    }, 
    {
      "epoch": 15, 
      "val_ppl": 175.16364369481505, 
      "val_loss": 5.165720643811008, 
      "time_s": 345.7760169506073
    }, 
    {
      "epoch": 16, 
      "val_ppl": 174.4852731773986, 
      "val_loss": 5.161840343682212, 
      "time_s": 345.143718957901
    }, 
    {
      "epoch": 17, 
      "val_ppl": 174.25505822775625, 
      "val_loss": 5.160520077786063, 
      "time_s": 346.39467000961304
    }, 
    {
      "epoch": 18, 
      "val_ppl": 172.9282980304282, 
      "val_loss": 5.1528770463327005, 
      "time_s": 345.69521713256836
    }, 
    {
      "epoch": 19, 
      "val_ppl": 172.6641058140282, 
      "val_loss": 5.151348122288503, 
      "time_s": 345.0084140300751
    }, 
    {
      "epoch": 20, 
      "val_ppl": 173.85822986970476, 
      "val_loss": 5.158240196244577, 
      "time_s": 344.4555239677429
    }
  ], 
  "test_ppl": 167.82328994839358
}