{
  "test_loss": 4.905669488505398, 
  "config": {
    "weight_decay": 0, 
    "nlayers": 1, 
    "clip": 0.5, 
    "emsize": 50, 
    "nhid": 50, 
    "batch_size": 20, 
    "results": "results/20170329-185950-04.txt", 
    "epochs": 20, 
    "logfile": "logs/20170329-185950-04.txt", 
    "seed": 1111, 
    "lr": 20, 
    "log_interval": 20, 
    "experiment_id": "20170329-185950-04", 
    "sequence_length": 20, 
    "model": "LSTM", 
    "save": "models/20170329-185950-04.pt", 
    "data": "./data/penn", 
    "momentum": 0.04
  }, 
  "epoch_logs": [
    {
      "epoch": 1, 
      "val_ppl": 194.61425028640485, 
      "val_loss": 5.271019395675163, 
      "time_s": 244.5890429019928
    }, 
    {
      "epoch": 2, 
      "val_ppl": 175.9603514375032, 
      "val_loss": 5.170258693736442, 
      "time_s": 245.56350708007812
    }, 
    {
      "epoch": 3, 
      "val_ppl": 169.0408146982566, 
      "val_loss": 5.130140192855206, 
      "time_s": 245.14680910110474
    }, 
    {
      "epoch": 4, 
      "val_ppl": 168.56531618989905, 
      "val_loss": 5.127323307856562, 
      "time_s": 244.80992603302002
    }, 
    {
      "epoch": 5, 
      "val_ppl": 169.67950578238262, 
      "val_loss": 5.133911397607104, 
      "time_s": 243.9654130935669
    }, 
    {
      "epoch": 6, 
      "val_ppl": 146.64494676498924, 
      "val_loss": 4.988014337039045, 
      "time_s": 252.64328694343567
    }, 
    {
      "epoch": 7, 
      "val_ppl": 146.19597490736632, 
      "val_loss": 4.984948015523319, 
      "time_s": 244.46647095680237
    }, 
    {
      "epoch": 8, 
      "val_ppl": 146.5536451795629, 
      "val_loss": 4.987391540130152, 
      "time_s": 248.2546272277832
    }, 
    {
      "epoch": 9, 
      "val_ppl": 142.0663300863725, 
      "val_loss": 4.956294061822126, 
      "time_s": 245.73879885673523
    }, 
    {
      "epoch": 10, 
      "val_ppl": 141.94292013817545, 
      "val_loss": 4.955425005931399, 
      "time_s": 245.57274389266968
    }, 
    {
      "epoch": 11, 
      "val_ppl": 142.06121407641388, 
      "val_loss": 4.956258049755966, 
      "time_s": 243.80934977531433
    }, 
    {
      "epoch": 12, 
      "val_ppl": 142.06121407641388, 
      "val_loss": 4.956258049755966, 
      "time_s": 243.5391240119934
    }, 
    {
      "epoch": 13, 
      "val_ppl": 142.06121407641388, 
      "val_loss": 4.956258049755966, 
      "time_s": 246.2000448703766
    }, 
    {
      "epoch": 14, 
      "val_ppl": 142.06121407641388, 
      "val_loss": 4.956258049755966, 
      "time_s": 243.50530099868774
    }, 
    {
      "epoch": 15, 
      "val_ppl": 142.06121407641388, 
      "val_loss": 4.956258049755966, 
      "time_s": 241.2838318347931
    }, 
    {
      "epoch": 16, 
      "val_ppl": 142.06121407641388, 
      "val_loss": 4.956258049755966, 
      "time_s": 241.85651898384094
    }, 
    {
      "epoch": 17, 
      "val_ppl": 142.06121407641388, 
      "val_loss": 4.956258049755966, 
      "time_s": 242.2934319972992
    }, 
    {
      "epoch": 18, 
      "val_ppl": 142.06121407641388, 
      "val_loss": 4.956258049755966, 
      "time_s": 243.4869568347931
    }, 
    {
      "epoch": 19, 
      "val_ppl": 142.06121407641388, 
      "val_loss": 4.956258049755966, 
      "time_s": 233.11756300926208
    }, 
    {
      "epoch": 20, 
      "val_ppl": 142.06121407641388, 
      "val_loss": 4.956258049755966, 
      "time_s": 234.7268249988556
    }
  ], 
  "test_ppl": 135.05329637665707
}