{
  "test_loss": 5.055725786273202, 
  "config": {
    "nlayers": 3, 
    "clip": 0.5, 
    "emsize": 50, 
    "nhid": 50, 
    "batch_size": 20, 
    "results": "results/20170326-201352-02.txt", 
    "epochs": 6, 
    "logfile": "logs/20170326-201352-02.txt", 
    "seed": 1111, 
    "lr": 20, 
    "log_interval": 20, 
    "experiment_id": "20170326-201352-02", 
    "sequence_length": 20, 
    "model": "LSTM", 
    "save": "models/20170326-201352-02.pt", 
    "data": "./data/penn"
  }, 
  "epoch_logs": [
    {
      "epoch": 1, 
      "val_ppl": 230.65748388874275, 
      "val_loss": 5.4409338564262475, 
      "time_s": 288.4098958969116
    }, 
    {
      "epoch": 2, 
      "val_ppl": 191.37292350584127, 
      "val_loss": 5.2542240035249455, 
      "time_s": 288.3951539993286
    }, 
    {
      "epoch": 3, 
      "val_ppl": 177.5226252893563, 
      "val_loss": 5.179098067211226, 
      "time_s": 288.223051071167
    }, 
    {
      "epoch": 4, 
      "val_ppl": 171.44077258123897, 
      "val_loss": 5.144237857578633, 
      "time_s": 288.2308039665222
    }, 
    {
      "epoch": 5, 
      "val_ppl": 165.78206797987892, 
      "val_loss": 5.11067408232782, 
      "time_s": 288.09673619270325
    }, 
    {
      "epoch": 6, 
      "val_ppl": 163.53128632228507, 
      "val_loss": 5.097004325684653, 
      "time_s": 287.9448080062866
    }
  ], 
  "test_ppl": 156.91837822948648
}