{
  "test_loss": 5.5151534825003035, 
  "config": {
    "nlayers": 1, 
    "clip": 0.5, 
    "emsize": 50, 
    "nhid": 50, 
    "batch_size": 20, 
    "results": "results/20170327-095946-01.txt", 
    "epochs": 6, 
    "logfile": "logs/20170327-095946-01.txt", 
    "seed": 1111, 
    "lr": 20, 
    "log_interval": 20, 
    "experiment_id": "20170327-095946-01", 
    "sequence_length": 20, 
    "model": "GRU", 
    "save": "models/20170327-095946-01.pt", 
    "data": "./data/penn"
  }, 
  "epoch_logs": [
    {
      "epoch": 1, 
      "val_ppl": 225.13312871774733, 
      "val_loss": 5.416691910418926, 
      "time_s": 217.20724606513977
    }, 
    {
      "epoch": 2, 
      "val_ppl": 699.1031731602739, 
      "val_loss": 6.549798332429501, 
      "time_s": 216.347069978714
    }, 
    {
      "epoch": 3, 
      "val_ppl": 374.23942891317057, 
      "val_loss": 5.924895776843818, 
      "time_s": 217.04918003082275
    }, 
    {
      "epoch": 4, 
      "val_ppl": 299.871578735839, 
      "val_loss": 5.7033543121271695, 
      "time_s": 219.91205406188965
    }, 
    {
      "epoch": 5, 
      "val_ppl": 274.528289703688, 
      "val_loss": 5.615054314669197, 
      "time_s": 229.89426612854004
    }, 
    {
      "epoch": 6, 
      "val_ppl": 261.2251173266991, 
      "val_loss": 5.5653825540604664, 
      "time_s": 231.74753499031067
    }
  ], 
  "test_ppl": 248.4281036880288
}