{
  "test_loss": 4.906663703293704, 
  "config": {
    "weight_decay": 0, 
    "nlayers": 1, 
    "clip": 0.5, 
    "emsize": 50, 
    "nhid": 50, 
    "batch_size": 20, 
    "results": "results/20170329-185950-03.txt", 
    "epochs": 20, 
    "logfile": "logs/20170329-185950-03.txt", 
    "seed": 1111, 
    "lr": 20, 
    "log_interval": 20, 
    "experiment_id": "20170329-185950-03", 
    "sequence_length": 20, 
    "model": "LSTM", 
    "save": "models/20170329-185950-03.pt", 
    "data": "./data/penn", 
    "momentum": 0.05
  }, 
  "epoch_logs": [
    {
      "epoch": 1, 
      "val_ppl": 193.21380769829602, 
      "val_loss": 5.263797387642353, 
      "time_s": 259.67918491363525
    }, 
    {
      "epoch": 2, 
      "val_ppl": 172.96868995054035, 
      "val_loss": 5.153110595173536, 
      "time_s": 259.86712193489075
    }, 
    {
      "epoch": 3, 
      "val_ppl": 167.8004918715644, 
      "val_loss": 5.122775725325379, 
      "time_s": 261.2790241241455
    }, 
    {
      "epoch": 4, 
      "val_ppl": 167.71999919496906, 
      "val_loss": 5.122295917502711, 
      "time_s": 261.22947907447815
    }, 
    {
      "epoch": 5, 
      "val_ppl": 167.92815102052452, 
      "val_loss": 5.123536215428416, 
      "time_s": 248.661386013031
    }, 
    {
      "epoch": 6, 
      "val_ppl": 144.1836172027559, 
      "val_loss": 4.971087606765185, 
      "time_s": 252.75573182106018
    }, 
    {
      "epoch": 7, 
      "val_ppl": 143.72376011157746, 
      "val_loss": 4.967893124661063, 
      "time_s": 258.965539932251
    }, 
    {
      "epoch": 8, 
      "val_ppl": 144.64180498364348, 
      "val_loss": 4.974260375711768, 
      "time_s": 248.05316996574402
    }, 
    {
      "epoch": 9, 
      "val_ppl": 139.72276291232455, 
      "val_loss": 4.939660194380423, 
      "time_s": 244.24507999420166
    }, 
    {
      "epoch": 10, 
      "val_ppl": 139.6000580115844, 
      "val_loss": 4.938781605883948, 
      "time_s": 245.34464597702026
    }, 
    {
      "epoch": 11, 
      "val_ppl": 139.70359934877385, 
      "val_loss": 4.939523030775488, 
      "time_s": 244.389151096344
    }, 
    {
      "epoch": 12, 
      "val_ppl": 139.70359934877385, 
      "val_loss": 4.939523030775488, 
      "time_s": 242.27299904823303
    }, 
    {
      "epoch": 13, 
      "val_ppl": 139.70359934877385, 
      "val_loss": 4.939523030775488, 
      "time_s": 243.7581980228424
    }, 
    {
      "epoch": 14, 
      "val_ppl": 139.70359934877385, 
      "val_loss": 4.939523030775488, 
      "time_s": 243.44536781311035
    }, 
    {
      "epoch": 15, 
      "val_ppl": 139.70359934877385, 
      "val_loss": 4.939523030775488, 
      "time_s": 242.27001309394836
    }, 
    {
      "epoch": 16, 
      "val_ppl": 139.70359934877385, 
      "val_loss": 4.939523030775488, 
      "time_s": 244.67165994644165
    }, 
    {
      "epoch": 17, 
      "val_ppl": 139.70359934877385, 
      "val_loss": 4.939523030775488, 
      "time_s": 242.7571358680725
    }, 
    {
      "epoch": 18, 
      "val_ppl": 139.70359934877385, 
      "val_loss": 4.939523030775488, 
      "time_s": 242.9601550102234
    }, 
    {
      "epoch": 19, 
      "val_ppl": 139.70359934877385, 
      "val_loss": 4.939523030775488, 
      "time_s": 241.54060816764832
    }, 
    {
      "epoch": 20, 
      "val_ppl": 139.70359934877385, 
      "val_loss": 4.939523030775488, 
      "time_s": 242.24342608451843
    }
  ], 
  "test_ppl": 135.18763513084647
}