{
  "test_loss": 4.956940737595535, 
  "config": {
    "nlayers": 1, 
    "clip": 0.5, 
    "emsize": 50, 
    "nhid": 50, 
    "batch_size": 20, 
    "results": "results/20170327-095946-00.txt", 
    "epochs": 6, 
    "logfile": "logs/20170327-095946-00.txt", 
    "seed": 1111, 
    "lr": 20, 
    "log_interval": 20, 
    "experiment_id": "20170327-095946-00", 
    "sequence_length": 20, 
    "model": "LSTM", 
    "save": "models/20170327-095946-00.pt", 
    "data": "./data/penn"
  }, 
  "epoch_logs": [
    {
      "epoch": 1, 
      "val_ppl": 192.45666533686216, 
      "val_loss": 5.25987101325244, 
      "time_s": 216.09292888641357
    }, 
    {
      "epoch": 2, 
      "val_ppl": 173.00331910542886, 
      "val_loss": 5.153310779894252, 
      "time_s": 216.50539112091064
    }, 
    {
      "epoch": 3, 
      "val_ppl": 168.63183573887127, 
      "val_loss": 5.127717851816703, 
      "time_s": 216.74005007743835
    }, 
    {
      "epoch": 4, 
      "val_ppl": 167.57661185928933, 
      "val_loss": 5.121440630931399, 
      "time_s": 215.18462800979614
    }, 
    {
      "epoch": 5, 
      "val_ppl": 169.0558550954506, 
      "val_loss": 5.130229163842191, 
      "time_s": 216.7902591228485
    }, 
    {
      "epoch": 6, 
      "val_ppl": 147.15841002968233, 
      "val_loss": 4.991509625813449, 
      "time_s": 215.50967502593994
    }
  ], 
  "test_ppl": 142.15823065198853
}