{
  "test_loss": 5.010797987686522, 
  "config": {
    "weight_decay": 0, 
    "nlayers": 6, 
    "clip": 0.5, 
    "emsize": 50, 
    "nhid": 50, 
    "batch_size": 20, 
    "results": "results/20170329-104935-01.txt", 
    "epochs": 20, 
    "logfile": "logs/20170329-104935-01.txt", 
    "seed": 1111, 
    "lr": 20, 
    "log_interval": 20, 
    "experiment_id": "20170329-104935-01", 
    "sequence_length": 20, 
    "model": "LSTM", 
    "save": "models/20170329-104935-01.pt", 
    "data": "./data/penn", 
    "momentum": 0.2
  }, 
  "epoch_logs": [
    {
      "epoch": 1, 
      "val_ppl": 703.5042829159274, 
      "val_loss": 6.55607396454718, 
      "time_s": 308.3185908794403
    }, 
    {
      "epoch": 2, 
      "val_ppl": 503.071472477644, 
      "val_loss": 6.220732252406453, 
      "time_s": 306.6217529773712
    }, 
    {
      "epoch": 3, 
      "val_ppl": 300.3784477407444, 
      "val_loss": 5.705043172112256, 
      "time_s": 306.60276794433594
    }, 
    {
      "epoch": 4, 
      "val_ppl": 236.99443108715246, 
      "val_loss": 5.468036643336497, 
      "time_s": 307.4793839454651
    }, 
    {
      "epoch": 5, 
      "val_ppl": 210.07342751960147, 
      "val_loss": 5.3474571244577005, 
      "time_s": 307.50057101249695
    }, 
    {
      "epoch": 6, 
      "val_ppl": 212.78701139338816, 
      "val_loss": 5.360291718919469, 
      "time_s": 307.96966791152954
    }, 
    {
      "epoch": 7, 
      "val_ppl": 179.04547279706023, 
      "val_loss": 5.1876398115509765, 
      "time_s": 310.0100989341736
    }, 
    {
      "epoch": 8, 
      "val_ppl": 173.14676492275817, 
      "val_loss": 5.154139587005152, 
      "time_s": 310.4361720085144
    }, 
    {
      "epoch": 9, 
      "val_ppl": 170.00349198630286, 
      "val_loss": 5.1358189779351955, 
      "time_s": 309.9476499557495
    }, 
    {
      "epoch": 10, 
      "val_ppl": 167.45711259443817, 
      "val_loss": 5.120727274267896, 
      "time_s": 310.36488485336304
    }, 
    {
      "epoch": 11, 
      "val_ppl": 165.63586369445594, 
      "val_loss": 5.109791786706888, 
      "time_s": 333.7817268371582
    }, 
    {
      "epoch": 12, 
      "val_ppl": 164.27256295559548, 
      "val_loss": 5.101527017523048, 
      "time_s": 316.922700881958
    }, 
    {
      "epoch": 13, 
      "val_ppl": 164.19124091813157, 
      "val_loss": 5.101031851613341, 
      "time_s": 321.0715401172638
    }, 
    {
      "epoch": 14, 
      "val_ppl": 163.84335957088877, 
      "val_loss": 5.098910846834327, 
      "time_s": 314.30084896087646
    }, 
    {
      "epoch": 15, 
      "val_ppl": 162.502041236126, 
      "val_loss": 5.090690563143981, 
      "time_s": 310.2692759037018
    }, 
    {
      "epoch": 16, 
      "val_ppl": 163.65587088850134, 
      "val_loss": 5.097765874966107, 
      "time_s": 309.99985694885254
    }, 
    {
      "epoch": 17, 
      "val_ppl": 156.56927632011167, 
      "val_loss": 5.053498572227495, 
      "time_s": 310.2815651893616
    }, 
    {
      "epoch": 18, 
      "val_ppl": 156.6347118180117, 
      "val_loss": 5.053916418112799, 
      "time_s": 310.25369095802307
    }, 
    {
      "epoch": 19, 
      "val_ppl": 156.6347118180117, 
      "val_loss": 5.053916418112799, 
      "time_s": 308.018248796463
    }, 
    {
      "epoch": 20, 
      "val_ppl": 156.6347118180117, 
      "val_loss": 5.053916418112799, 
      "time_s": 335.32029008865356
    }
  ], 
  "test_ppl": 150.02440602383794
}