{
  "test_loss": 5.617128264133204, 
  "config": {
    "weight_decay": 0.01, 
    "nlayers": 1, 
    "clip": 0.5, 
    "emsize": 50, 
    "nhid": 50, 
    "batch_size": 20, 
    "results": "results/20170329-185947-01.txt", 
    "epochs": 20, 
    "logfile": "logs/20170329-185947-01.txt", 
    "seed": 1111, 
    "lr": 0.0001, 
    "log_interval": 20, 
    "experiment_id": "20170329-185947-01", 
    "sequence_length": 20, 
    "model": "LSTM", 
    "save": "models/20170329-185947-01.pt", 
    "data": "./data/penn", 
    "momentum": 0.05
  }, 
  "epoch_logs": [
    {
      "epoch": 1, 
      "val_ppl": 683.0354203905783, 
      "val_loss": 6.526546718241594, 
      "time_s": 231.42622113227844
    }, 
    {
      "epoch": 2, 
      "val_ppl": 632.3685818175379, 
      "val_loss": 6.449472423230748, 
      "time_s": 234.77561116218567
    }, 
    {
      "epoch": 3, 
      "val_ppl": 591.3351835890752, 
      "val_loss": 6.382383003152115, 
      "time_s": 233.62658715248108
    }, 
    {
      "epoch": 4, 
      "val_ppl": 548.8029888801902, 
      "val_loss": 6.307739522607104, 
      "time_s": 233.90864515304565
    }, 
    {
      "epoch": 5, 
      "val_ppl": 506.9693182700636, 
      "val_loss": 6.228450485527386, 
      "time_s": 236.62872886657715
    }, 
    {
      "epoch": 6, 
      "val_ppl": 474.61222085921287, 
      "val_loss": 6.162498093478851, 
      "time_s": 240.53016805648804
    }, 
    {
      "epoch": 7, 
      "val_ppl": 447.10254230185564, 
      "val_loss": 6.102787969427874, 
      "time_s": 234.71135306358337
    }, 
    {
      "epoch": 8, 
      "val_ppl": 423.5920853783064, 
      "val_loss": 6.04877092936551, 
      "time_s": 252.2002511024475
    }, 
    {
      "epoch": 9, 
      "val_ppl": 403.1082299652094, 
      "val_loss": 5.999205086598427, 
      "time_s": 240.6112711429596
    }, 
    {
      "epoch": 10, 
      "val_ppl": 386.4179310525088, 
      "val_loss": 5.95691950667706, 
      "time_s": 233.85088992118835
    }, 
    {
      "epoch": 11, 
      "val_ppl": 372.3948475569112, 
      "val_loss": 5.919954709530911, 
      "time_s": 233.87199902534485
    }, 
    {
      "epoch": 12, 
      "val_ppl": 360.2322407270667, 
      "val_loss": 5.88674893658487, 
      "time_s": 234.10216808319092
    }, 
    {
      "epoch": 13, 
      "val_ppl": 349.42467787718493, 
      "val_loss": 5.856288024505152, 
      "time_s": 234.213152885437
    }, 
    {
      "epoch": 14, 
      "val_ppl": 339.67936729520994, 
      "val_loss": 5.828002135303688, 
      "time_s": 234.28602409362793
    }, 
    {
      "epoch": 15, 
      "val_ppl": 330.9202797397268, 
      "val_loss": 5.801877499661063, 
      "time_s": 234.9629340171814
    }, 
    {
      "epoch": 16, 
      "val_ppl": 322.9590061094857, 
      "val_loss": 5.777525399098427, 
      "time_s": 234.50659584999084
    }, 
    {
      "epoch": 17, 
      "val_ppl": 315.5765918497668, 
      "val_loss": 5.754401415909707, 
      "time_s": 235.20545983314514
    }, 
    {
      "epoch": 18, 
      "val_ppl": 308.68807938986345, 
      "val_loss": 5.73233131524539, 
      "time_s": 234.93178606033325
    }, 
    {
      "epoch": 19, 
      "val_ppl": 302.1681269614161, 
      "val_loss": 5.7109835742611175, 
      "time_s": 235.2087721824646
    }, 
    {
      "epoch": 20, 
      "val_ppl": 295.97407615047655, 
      "val_loss": 5.690271869915944, 
      "time_s": 235.67843317985535
    }
  ], 
  "test_ppl": 275.09823832099676
}