{
  "test_loss": 7.190820999636055, 
  "config": {
    "weight_decay": 0, 
    "nlayers": 1, 
    "clip": 0.5, 
    "emsize": 50, 
    "nhid": 50, 
    "batch_size": 20, 
    "results": "results/20170329-185934-04.txt", 
    "epochs": 20, 
    "logfile": "logs/20170329-185934-04.txt", 
    "seed": 1111, 
    "lr": 0.01, 
    "log_interval": 20, 
    "experiment_id": "20170329-185934-04", 
    "sequence_length": 20, 
    "model": "LSTM", 
    "save": "models/20170329-185934-04.pt", 
    "data": "./data/penn", 
    "momentum": 0
  }, 
  "epoch_logs": [
    {
      "epoch": 1, 
      "val_ppl": 7514.738087627436, 
      "val_loss": 8.924621449633948, 
      "time_s": 238.90053486824036
    }, 
    {
      "epoch": 2, 
      "val_ppl": 5675.868603119144, 
      "val_loss": 8.643978888455802, 
      "time_s": 239.25165009498596
    }, 
    {
      "epoch": 3, 
      "val_ppl": 4330.65575235111, 
      "val_loss": 8.373474253491052, 
      "time_s": 240.1859040260315
    }, 
    {
      "epoch": 4, 
      "val_ppl": 3390.327163672113, 
      "val_loss": 8.128681704175705, 
      "time_s": 240.3461709022522
    }, 
    {
      "epoch": 5, 
      "val_ppl": 2787.7571600751407, 
      "val_loss": 7.932992666248644, 
      "time_s": 239.98583698272705
    }, 
    {
      "epoch": 6, 
      "val_ppl": 2426.4066105287698, 
      "val_loss": 7.794166680789045, 
      "time_s": 239.37488293647766
    }, 
    {
      "epoch": 7, 
      "val_ppl": 2198.07063907958, 
      "val_loss": 7.695335272335955, 
      "time_s": 238.46816396713257
    }, 
    {
      "epoch": 8, 
      "val_ppl": 2037.2500603177293, 
      "val_loss": 7.619356167807755, 
      "time_s": 248.40973711013794
    }, 
    {
      "epoch": 9, 
      "val_ppl": 1916.100123974433, 
      "val_loss": 7.558047213937093, 
      "time_s": 239.6073179244995
    }, 
    {
      "epoch": 10, 
      "val_ppl": 1822.0484048668345, 
      "val_loss": 7.507716644353308, 
      "time_s": 243.9181730747223
    }, 
    {
      "epoch": 11, 
      "val_ppl": 1747.4381952399556, 
      "val_loss": 7.465906105951736, 
      "time_s": 240.7879660129547
    }, 
    {
      "epoch": 12, 
      "val_ppl": 1686.6219189434419, 
      "val_loss": 7.430482942990781, 
      "time_s": 240.59460997581482
    }, 
    {
      "epoch": 13, 
      "val_ppl": 1635.3517340308636, 
      "val_loss": 7.3996131880422995, 
      "time_s": 238.93400311470032
    }, 
    {
      "epoch": 14, 
      "val_ppl": 1590.609850938068, 
      "val_loss": 7.3718727757253255, 
      "time_s": 241.984717130661
    }, 
    {
      "epoch": 15, 
      "val_ppl": 1550.3785832777978, 
      "val_loss": 7.346254427365781, 
      "time_s": 242.58707094192505
    }, 
    {
      "epoch": 16, 
      "val_ppl": 1513.2679253019078, 
      "val_loss": 7.322026780267082, 
      "time_s": 240.68913984298706
    }, 
    {
      "epoch": 17, 
      "val_ppl": 1478.3689060742915, 
      "val_loss": 7.298694668519523, 
      "time_s": 238.55390405654907
    }, 
    {
      "epoch": 18, 
      "val_ppl": 1445.0068971426645, 
      "val_loss": 7.275869373644252, 
      "time_s": 239.44169783592224
    }, 
    {
      "epoch": 19, 
      "val_ppl": 1412.566068859955, 
      "val_loss": 7.253163236340835, 
      "time_s": 240.45911312103271
    }, 
    {
      "epoch": 20, 
      "val_ppl": 1380.4616334722682, 
      "val_loss": 7.2301732392218, 
      "time_s": 240.84418106079102
    }
  ], 
  "test_ppl": 1327.192382902292
}