{
  "test_loss": 6.460692500454932, 
  "config": {
    "weight_decay": 0.01, 
    "nlayers": 6, 
    "clip": 0.5, 
    "emsize": 50, 
    "nhid": 50, 
    "batch_size": 20, 
    "results": "results/20170329-104931-01.txt", 
    "epochs": 20, 
    "logfile": "logs/20170329-104931-01.txt", 
    "seed": 1111, 
    "lr": 0.0001, 
    "log_interval": 20, 
    "experiment_id": "20170329-104931-01", 
    "sequence_length": 20, 
    "model": "LSTM", 
    "save": "models/20170329-104931-01.pt", 
    "data": "./data/penn", 
    "momentum": 0.05
  }, 
  "epoch_logs": [
    {
      "epoch": 1, 
      "val_ppl": 686.415060803048, 
      "val_loss": 6.531482489662419, 
      "time_s": 337.44298005104065
    }, 
    {
      "epoch": 2, 
      "val_ppl": 688.695918715425, 
      "val_loss": 6.534799836462852, 
      "time_s": 345.0167360305786
    }, 
    {
      "epoch": 3, 
      "val_ppl": 688.0306154595937, 
      "val_loss": 6.533833336157809, 
      "time_s": 357.2112789154053
    }, 
    {
      "epoch": 4, 
      "val_ppl": 688.897641689815, 
      "val_loss": 6.535092699295011, 
      "time_s": 345.68453788757324
    }, 
    {
      "epoch": 5, 
      "val_ppl": 689.0406709762635, 
      "val_loss": 6.535300298264642, 
      "time_s": 349.4387810230255
    }, 
    {
      "epoch": 6, 
      "val_ppl": 689.099788689733, 
      "val_loss": 6.5353860917163775, 
      "time_s": 353.37936997413635
    }, 
    {
      "epoch": 7, 
      "val_ppl": 689.1205905729555, 
      "val_loss": 6.5354162783012475, 
      "time_s": 348.8813109397888
    }, 
    {
      "epoch": 8, 
      "val_ppl": 689.1224153295111, 
      "val_loss": 6.535418926247289, 
      "time_s": 362.0411341190338
    }, 
    {
      "epoch": 9, 
      "val_ppl": 689.123510185764, 
      "val_loss": 6.535420515014914, 
      "time_s": 353.020525932312
    }, 
    {
      "epoch": 10, 
      "val_ppl": 689.123510185764, 
      "val_loss": 6.535420515014914, 
      "time_s": 352.43834805488586
    }, 
    {
      "epoch": 11, 
      "val_ppl": 689.1242400908985, 
      "val_loss": 6.53542157419333, 
      "time_s": 353.77131605148315
    }, 
    {
      "epoch": 12, 
      "val_ppl": 689.1246050437558, 
      "val_loss": 6.535422103782538, 
      "time_s": 353.29344391822815
    }, 
    {
      "epoch": 13, 
      "val_ppl": 689.1246050437558, 
      "val_loss": 6.535422103782538, 
      "time_s": 349.16998505592346
    }, 
    {
      "epoch": 14, 
      "val_ppl": 689.1246050437558, 
      "val_loss": 6.535422103782538, 
      "time_s": 358.9595630168915
    }, 
    {
      "epoch": 15, 
      "val_ppl": 689.1246050437558, 
      "val_loss": 6.535422103782538, 
      "time_s": 329.0351939201355
    }, 
    {
      "epoch": 16, 
      "val_ppl": 689.1246050437558, 
      "val_loss": 6.535422103782538, 
      "time_s": 317.1770489215851
    }, 
    {
      "epoch": 17, 
      "val_ppl": 689.1246050437558, 
      "val_loss": 6.535422103782538, 
      "time_s": 318.1385500431061
    }, 
    {
      "epoch": 18, 
      "val_ppl": 689.1246050437558, 
      "val_loss": 6.535422103782538, 
      "time_s": 318.8212220668793
    }, 
    {
      "epoch": 19, 
      "val_ppl": 689.1246050437558, 
      "val_loss": 6.535422103782538, 
      "time_s": 321.2282569408417
    }, 
    {
      "epoch": 20, 
      "val_ppl": 689.1246050437558, 
      "val_loss": 6.535422103782538, 
      "time_s": 317.655779838562
    }
  ], 
  "test_ppl": 639.503759910397
}