{
  "test_loss": 6.461308079582676, 
  "config": {
    "weight_decay": 0, 
    "nlayers": 6, 
    "clip": 0.5, 
    "emsize": 50, 
    "nhid": 50, 
    "batch_size": 20, 
    "results": "results/20170329-104938-01.txt", 
    "epochs": 20, 
    "logfile": "logs/20170329-104938-01.txt", 
    "seed": 1111, 
    "lr": 5, 
    "log_interval": 20, 
    "experiment_id": "20170329-104938-01", 
    "sequence_length": 20, 
    "model": "LSTM", 
    "save": "models/20170329-104938-01.pt", 
    "data": "./data/penn", 
    "momentum": 0
  }, 
  "epoch_logs": [
    {
      "epoch": 1, 
      "val_ppl": 714.0589225352282, 
      "val_loss": 6.570965483493763, 
      "time_s": 317.9840278625488
    }, 
    {
      "epoch": 2, 
      "val_ppl": 691.2211579497198, 
      "val_loss": 6.538459827481019, 
      "time_s": 311.69617795944214
    }, 
    {
      "epoch": 3, 
      "val_ppl": 685.4974282282033, 
      "val_loss": 6.530144747322397, 
      "time_s": 314.8185739517212
    }, 
    {
      "epoch": 4, 
      "val_ppl": 683.5224801049872, 
      "val_loss": 6.527259545315889, 
      "time_s": 313.6662390232086
    }, 
    {
      "epoch": 5, 
      "val_ppl": 682.8220340987851, 
      "val_loss": 6.526234260608731, 
      "time_s": 313.22933411598206
    }, 
    {
      "epoch": 6, 
      "val_ppl": 682.6582420700197, 
      "val_loss": 6.525994356697397, 
      "time_s": 312.44702196121216
    }, 
    {
      "epoch": 7, 
      "val_ppl": 682.7356135399864, 
      "val_loss": 6.5261076887879605, 
      "time_s": 312.08215498924255
    }, 
    {
      "epoch": 8, 
      "val_ppl": 679.197096072714, 
      "val_loss": 6.520911359476681, 
      "time_s": 311.3867518901825
    }, 
    {
      "epoch": 9, 
      "val_ppl": 679.2096855302226, 
      "val_loss": 6.52092989509897, 
      "time_s": 312.60119795799255
    }, 
    {
      "epoch": 10, 
      "val_ppl": 679.2096855302226, 
      "val_loss": 6.52092989509897, 
      "time_s": 310.4930489063263
    }, 
    {
      "epoch": 11, 
      "val_ppl": 679.2096855302226, 
      "val_loss": 6.52092989509897, 
      "time_s": 310.4772050380707
    }, 
    {
      "epoch": 12, 
      "val_ppl": 679.2096855302226, 
      "val_loss": 6.52092989509897, 
      "time_s": 310.4813001155853
    }, 
    {
      "epoch": 13, 
      "val_ppl": 679.2096855302226, 
      "val_loss": 6.52092989509897, 
      "time_s": 320.15043783187866
    }, 
    {
      "epoch": 14, 
      "val_ppl": 679.2096855302226, 
      "val_loss": 6.52092989509897, 
      "time_s": 311.27754497528076
    }, 
    {
      "epoch": 15, 
      "val_ppl": 679.2096855302226, 
      "val_loss": 6.52092989509897, 
      "time_s": 308.75793504714966
    }, 
    {
      "epoch": 16, 
      "val_ppl": 679.2096855302226, 
      "val_loss": 6.52092989509897, 
      "time_s": 310.4797308444977
    }, 
    {
      "epoch": 17, 
      "val_ppl": 679.2096855302226, 
      "val_loss": 6.52092989509897, 
      "time_s": 310.2557780742645
    }, 
    {
      "epoch": 18, 
      "val_ppl": 679.2096855302226, 
      "val_loss": 6.52092989509897, 
      "time_s": 310.4953980445862
    }, 
    {
      "epoch": 19, 
      "val_ppl": 679.2096855302226, 
      "val_loss": 6.52092989509897, 
      "time_s": 310.5509510040283
    }, 
    {
      "epoch": 20, 
      "val_ppl": 679.2096855302226, 
      "val_loss": 6.52092989509897, 
      "time_s": 310.48793387413025
    }
  ], 
  "test_ppl": 639.8975462680082
}