{
  "test_loss": 5.026640975676331, 
  "config": {
    "weight_decay": 0, 
    "nlayers": 1, 
    "clip": 0.5, 
    "emsize": 50, 
    "nhid": 50, 
    "batch_size": 20, 
    "results": "results/20170329-185934-02.txt", 
    "epochs": 20, 
    "logfile": "logs/20170329-185934-02.txt", 
    "seed": 1111, 
    "lr": 1, 
    "log_interval": 20, 
    "experiment_id": "20170329-185934-02", 
    "sequence_length": 20, 
    "model": "LSTM", 
    "save": "models/20170329-185934-02.pt", 
    "data": "./data/penn", 
    "momentum": 0
  }, 
  "epoch_logs": [
    {
      "epoch": 1, 
      "val_ppl": 454.8151410132455, 
      "val_loss": 6.1198910529080806, 
      "time_s": 213.90173888206482
    }, 
    {
      "epoch": 2, 
      "val_ppl": 331.6555757669814, 
      "val_loss": 5.804097008032809, 
      "time_s": 213.79656982421875
    }, 
    {
      "epoch": 3, 
      "val_ppl": 278.4623294518146, 
      "val_loss": 5.62928278792706, 
      "time_s": 213.87285113334656
    }, 
    {
      "epoch": 4, 
      "val_ppl": 248.36816284045054, 
      "val_loss": 5.514912172925705, 
      "time_s": 213.9572811126709
    }, 
    {
      "epoch": 5, 
      "val_ppl": 228.8766743111895, 
      "val_loss": 5.433183318363612, 
      "time_s": 213.82107496261597
    }, 
    {
      "epoch": 6, 
      "val_ppl": 216.09671601628077, 
      "val_loss": 5.375726066804501, 
      "time_s": 213.54962611198425
    }, 
    {
      "epoch": 7, 
      "val_ppl": 207.10238678145544, 
      "val_loss": 5.333213293112799, 
      "time_s": 213.33201599121094
    }, 
    {
      "epoch": 8, 
      "val_ppl": 199.39321265888356, 
      "val_loss": 5.295278818126356, 
      "time_s": 213.95399117469788
    }, 
    {
      "epoch": 9, 
      "val_ppl": 192.84354558742206, 
      "val_loss": 5.261879215530097, 
      "time_s": 213.73903584480286
    }, 
    {
      "epoch": 10, 
      "val_ppl": 187.6480811909784, 
      "val_loss": 5.234568300061008, 
      "time_s": 214.15424013137817
    }, 
    {
      "epoch": 11, 
      "val_ppl": 182.9594470914405, 
      "val_loss": 5.20926452769116, 
      "time_s": 214.27596187591553
    }, 
    {
      "epoch": 12, 
      "val_ppl": 178.8067790794733, 
      "val_loss": 5.186305776335412, 
      "time_s": 213.20415091514587
    }, 
    {
      "epoch": 13, 
      "val_ppl": 175.34843576897134, 
      "val_loss": 5.166775055924621, 
      "time_s": 213.03705382347107
    }, 
    {
      "epoch": 14, 
      "val_ppl": 172.2569424529832, 
      "val_loss": 5.148987213598156, 
      "time_s": 212.93891787528992
    }, 
    {
      "epoch": 15, 
      "val_ppl": 169.41300950799678, 
      "val_loss": 5.1323395768370395, 
      "time_s": 242.19050693511963
    }, 
    {
      "epoch": 16, 
      "val_ppl": 166.87441409367986, 
      "val_loss": 5.117241518099241, 
      "time_s": 249.57731294631958
    }, 
    {
      "epoch": 17, 
      "val_ppl": 164.66329534736465, 
      "val_loss": 5.103902754711226, 
      "time_s": 255.27991700172424
    }, 
    {
      "epoch": 18, 
      "val_ppl": 162.84336625549966, 
      "val_loss": 5.0927887955870395, 
      "time_s": 250.57268404960632
    }, 
    {
      "epoch": 19, 
      "val_ppl": 161.28278857636312, 
      "val_loss": 5.083159275013558, 
      "time_s": 244.6097550392151
    }, 
    {
      "epoch": 20, 
      "val_ppl": 159.95345311330757, 
      "val_loss": 5.074882854867137, 
      "time_s": 247.83756184577942
    }
  ], 
  "test_ppl": 152.42016879584827
}