{
  "test_loss": 6.621038305228679, 
  "config": {
    "weight_decay": 0, 
    "nlayers": 6, 
    "clip": 0.5, 
    "emsize": 50, 
    "nhid": 50, 
    "batch_size": 20, 
    "results": "results/20170329-104938-03.txt", 
    "epochs": 20, 
    "logfile": "logs/20170329-104938-03.txt", 
    "seed": 1111, 
    "lr": 0.1, 
    "log_interval": 20, 
    "experiment_id": "20170329-104938-03", 
    "sequence_length": 20, 
    "model": "LSTM", 
    "save": "models/20170329-104938-03.pt", 
    "data": "./data/penn", 
    "momentum": 0
  }, 
  "epoch_logs": [
    {
      "epoch": 1, 
      "val_ppl": 1824.846939767357, 
      "val_loss": 7.509251393878796, 
      "time_s": 337.51632499694824
    }, 
    {
      "epoch": 2, 
      "val_ppl": 1402.194057693795, 
      "val_loss": 7.245793472918926, 
      "time_s": 335.01524901390076
    }, 
    {
      "epoch": 3, 
      "val_ppl": 1212.3608459762472, 
      "val_loss": 7.100324850020336, 
      "time_s": 338.6909849643707
    }, 
    {
      "epoch": 4, 
      "val_ppl": 1105.4027439298793, 
      "val_loss": 7.007965021691974, 
      "time_s": 324.6746380329132
    }, 
    {
      "epoch": 5, 
      "val_ppl": 1037.9811222444218, 
      "val_loss": 6.945032876898048, 
      "time_s": 329.33563709259033
    }, 
    {
      "epoch": 6, 
      "val_ppl": 990.934340670565, 
      "val_loss": 6.898648276504881, 
      "time_s": 329.86018085479736
    }, 
    {
      "epoch": 7, 
      "val_ppl": 955.2571573115142, 
      "val_loss": 6.861980578904555, 
      "time_s": 330.3962049484253
    }, 
    {
      "epoch": 8, 
      "val_ppl": 926.7966245041173, 
      "val_loss": 6.831734150454175, 
      "time_s": 331.2624840736389
    }, 
    {
      "epoch": 9, 
      "val_ppl": 903.4183253383234, 
      "val_loss": 6.806185707870119, 
      "time_s": 331.84188508987427
    }, 
    {
      "epoch": 10, 
      "val_ppl": 883.8297218777259, 
      "val_loss": 6.784264421773319, 
      "time_s": 331.9677538871765
    }, 
    {
      "epoch": 11, 
      "val_ppl": 867.1476589365697, 
      "val_loss": 6.765209272471529, 
      "time_s": 340.18579602241516
    }, 
    {
      "epoch": 12, 
      "val_ppl": 852.7408726989214, 
      "val_loss": 6.748455717868763, 
      "time_s": 338.0252330303192
    }, 
    {
      "epoch": 13, 
      "val_ppl": 840.1585956678888, 
      "val_loss": 6.733590678382592, 
      "time_s": 345.00742411613464
    }, 
    {
      "epoch": 14, 
      "val_ppl": 829.0583801289963, 
      "val_loss": 6.7202905750067785, 
      "time_s": 335.1832540035248
    }, 
    {
      "epoch": 15, 
      "val_ppl": 819.1934594084809, 
      "val_loss": 6.708320270132863, 
      "time_s": 333.2595338821411
    }, 
    {
      "epoch": 16, 
      "val_ppl": 810.3556488605485, 
      "val_loss": 6.697473223969631, 
      "time_s": 333.294429063797
    }, 
    {
      "epoch": 17, 
      "val_ppl": 802.3912928743936, 
      "val_loss": 6.6875963852359, 
      "time_s": 336.28354501724243
    }, 
    {
      "epoch": 18, 
      "val_ppl": 795.1816637084861, 
      "val_loss": 6.678570596359815, 
      "time_s": 332.9463429450989
    }, 
    {
      "epoch": 19, 
      "val_ppl": 788.6217187538945, 
      "val_loss": 6.670286761964479, 
      "time_s": 338.2261040210724
    }, 
    {
      "epoch": 20, 
      "val_ppl": 782.6333979437374, 
      "val_loss": 6.662664384490238, 
      "time_s": 337.27376914024353
    }
  ], 
  "test_ppl": 750.7241734169445
}