{
  "test_loss": 6.549397974038579, 
  "config": {
    "nlayers": 1, 
    "clip": 0.5, 
    "emsize": 50, 
    "nhid": 50, 
    "batch_size": 20, 
    "results": "results/20170327-095946-02.txt", 
    "epochs": 6, 
    "logfile": "logs/20170327-095946-02.txt", 
    "seed": 1111, 
    "lr": 20, 
    "log_interval": 20, 
    "experiment_id": "20170327-095946-02", 
    "sequence_length": 20, 
    "model": "RNN_TANH", 
    "save": "models/20170327-095946-02.pt", 
    "data": "./data/penn"
  }, 
  "epoch_logs": [
    {
      "epoch": 1, 
      "val_ppl": 10599542.852105236, 
      "val_loss": 16.17632143099241, 
      "time_s": 217.52098107337952
    }, 
    {
      "epoch": 2, 
      "val_ppl": 8976565.122278946, 
      "val_loss": 16.01012786401844, 
      "time_s": 218.1036229133606
    }, 
    {
      "epoch": 3, 
      "val_ppl": 161557280240.7966, 
      "val_loss": 25.808125593139913, 
      "time_s": 217.6916220188141
    }, 
    {
      "epoch": 4, 
      "val_ppl": 2474.468925183597, 
      "val_loss": 7.81378107629474, 
      "time_s": 217.7644510269165
    }, 
    {
      "epoch": 5, 
      "val_ppl": 23945.566260688214, 
      "val_loss": 10.08353846088666, 
      "time_s": 217.72623014450073
    }, 
    {
      "epoch": 6, 
      "val_ppl": 757.019267659967, 
      "val_loss": 6.62938870576871, 
      "time_s": 217.5032229423523
    }
  ], 
  "test_ppl": 698.8233373598221
}