{
  "test_loss": 6.46436322864855, 
  "config": {
    "weight_decay": 0.01, 
    "nlayers": 6, 
    "clip": 0.5, 
    "emsize": 50, 
    "nhid": 50, 
    "batch_size": 20, 
    "results": "results/20170329-104931-02.txt", 
    "epochs": 20, 
    "logfile": "logs/20170329-104931-02.txt", 
    "seed": 1111, 
    "lr": 1e-05, 
    "log_interval": 20, 
    "experiment_id": "20170329-104931-02", 
    "sequence_length": 20, 
    "model": "LSTM", 
    "save": "models/20170329-104931-02.pt", 
    "data": "./data/penn", 
    "momentum": 0.05
  }, 
  "epoch_logs": [
    {
      "epoch": 1, 
      "val_ppl": 2662.182244952709, 
      "val_loss": 7.886901458276844, 
      "time_s": 307.29220700263977
    }, 
    {
      "epoch": 2, 
      "val_ppl": 1510.295212303095, 
      "val_loss": 7.320060415536877, 
      "time_s": 325.41829204559326
    }, 
    {
      "epoch": 3, 
      "val_ppl": 1052.6888748360816, 
      "val_loss": 6.959103002982647, 
      "time_s": 341.9412751197815
    }, 
    {
      "epoch": 4, 
      "val_ppl": 829.6025544422782, 
      "val_loss": 6.720946736035792, 
      "time_s": 341.72964882850647
    }, 
    {
      "epoch": 5, 
      "val_ppl": 737.9403800674118, 
      "val_loss": 6.603863035520607, 
      "time_s": 343.12109208106995
    }, 
    {
      "epoch": 6, 
      "val_ppl": 708.3955188528337, 
      "val_loss": 6.5630025801586225, 
      "time_s": 350.6177201271057
    }, 
    {
      "epoch": 7, 
      "val_ppl": 699.4598028007094, 
      "val_loss": 6.5503083268370395, 
      "time_s": 343.56035804748535
    }, 
    {
      "epoch": 8, 
      "val_ppl": 695.4050603991411, 
      "val_loss": 6.544494496508948, 
      "time_s": 344.70384192466736
    }, 
    {
      "epoch": 9, 
      "val_ppl": 693.2378080717493, 
      "val_loss": 6.541373097715564, 
      "time_s": 343.8419349193573
    }, 
    {
      "epoch": 10, 
      "val_ppl": 692.0771774187692, 
      "val_loss": 6.539697477460683, 
      "time_s": 360.6930830478668
    }, 
    {
      "epoch": 11, 
      "val_ppl": 691.47488634988, 
      "val_loss": 6.538826832802332, 
      "time_s": 349.88748693466187
    }, 
    {
      "epoch": 12, 
      "val_ppl": 691.1889451329592, 
      "val_loss": 6.538413223630694, 
      "time_s": 347.67300605773926
    }, 
    {
      "epoch": 13, 
      "val_ppl": 691.0893877355807, 
      "val_loss": 6.538269175366052, 
      "time_s": 355.67013001441956
    }, 
    {
      "epoch": 14, 
      "val_ppl": 691.1007336266466, 
      "val_loss": 6.5382855926315075, 
      "time_s": 350.4219980239868
    }, 
    {
      "epoch": 15, 
      "val_ppl": 691.1091516661924, 
      "val_loss": 6.538297773183297, 
      "time_s": 362.10688996315
    }, 
    {
      "epoch": 16, 
      "val_ppl": 691.1102496789101, 
      "val_loss": 6.538299361950922, 
      "time_s": 351.5735869407654
    }, 
    {
      "epoch": 17, 
      "val_ppl": 691.1058576385066, 
      "val_loss": 6.538293006880423, 
      "time_s": 351.2462329864502
    }, 
    {
      "epoch": 18, 
      "val_ppl": 691.1091516661924, 
      "val_loss": 6.538297773183297, 
      "time_s": 368.71255803108215
    }, 
    {
      "epoch": 19, 
      "val_ppl": 691.1091516661924, 
      "val_loss": 6.538297773183297, 
      "time_s": 343.86392188072205
    }, 
    {
      "epoch": 20, 
      "val_ppl": 691.1091516661924, 
      "val_loss": 6.538297773183297, 
      "time_s": 349.5909218788147
    }
  ], 
  "test_ppl": 641.8555180836609
}