{
  "test_loss": 6.460098720126168, 
  "config": {
    "nlayers": 7, 
    "clip": 0.5, 
    "emsize": 50, 
    "nhid": 50, 
    "batch_size": 20, 
    "results": "results/20170326-201352-06.txt", 
    "epochs": 6, 
    "logfile": "logs/20170326-201352-06.txt", 
    "seed": 1111, 
    "lr": 20, 
    "log_interval": 20, 
    "experiment_id": "20170326-201352-06", 
    "sequence_length": 20, 
    "model": "LSTM", 
    "save": "models/20170326-201352-06.pt", 
    "data": "./data/penn"
  }, 
  "epoch_logs": [
    {
      "epoch": 1, 
      "val_ppl": 699.1053945887793, 
      "val_loss": 6.549801509964751, 
      "time_s": 379.57125306129456
    }, 
    {
      "epoch": 2, 
      "val_ppl": 698.6767896436307, 
      "val_loss": 6.549188245661605, 
      "time_s": 379.82234382629395
    }, 
    {
      "epoch": 3, 
      "val_ppl": 699.8273622936612, 
      "val_loss": 6.550833679331616, 
      "time_s": 378.5153021812439
    }, 
    {
      "epoch": 4, 
      "val_ppl": 684.5509316720384, 
      "val_loss": 6.5287630490780915, 
      "time_s": 377.260066986084
    }, 
    {
      "epoch": 5, 
      "val_ppl": 684.6100267407369, 
      "val_loss": 6.528849372119034, 
      "time_s": 376.62738394737244
    }, 
    {
      "epoch": 6, 
      "val_ppl": 681.0534988097962, 
      "val_loss": 6.523640862255966, 
      "time_s": 376.6044158935547
    }
  ], 
  "test_ppl": 639.1241478718258
}