{
  "test_loss": 5.022034320787335, 
  "config": {
    "weight_decay": 0, 
    "nlayers": 6, 
    "clip": 0.5, 
    "emsize": 50, 
    "nhid": 50, 
    "batch_size": 20, 
    "results": "results/20170329-104935-02.txt", 
    "epochs": 20, 
    "logfile": "logs/20170329-104935-02.txt", 
    "seed": 1111, 
    "lr": 20, 
    "log_interval": 20, 
    "experiment_id": "20170329-104935-02", 
    "sequence_length": 20, 
    "model": "LSTM", 
    "save": "models/20170329-104935-02.pt", 
    "data": "./data/penn", 
    "momentum": 0.1
  }, 
  "epoch_logs": [
    {
      "epoch": 1, 
      "val_ppl": 701.2026038966557, 
      "val_loss": 6.552796866526573, 
      "time_s": 366.20807909965515
    }, 
    {
      "epoch": 2, 
      "val_ppl": 636.8137965220687, 
      "val_loss": 6.456477299688178, 
      "time_s": 372.0013210773468
    }, 
    {
      "epoch": 3, 
      "val_ppl": 327.70662079184535, 
      "val_loss": 5.79211875932077, 
      "time_s": 377.0714349746704
    }, 
    {
      "epoch": 4, 
      "val_ppl": 249.82784921217817, 
      "val_loss": 5.520772077514914, 
      "time_s": 386.8610999584198
    }, 
    {
      "epoch": 5, 
      "val_ppl": 221.60403118599416, 
      "val_loss": 5.400892145980206, 
      "time_s": 392.9076600074768
    }, 
    {
      "epoch": 6, 
      "val_ppl": 206.34632573202603, 
      "val_loss": 5.329555950040673, 
      "time_s": 389.56423020362854
    }, 
    {
      "epoch": 7, 
      "val_ppl": 199.64691110021158, 
      "val_loss": 5.296550361815347, 
      "time_s": 388.0133419036865
    }, 
    {
      "epoch": 8, 
      "val_ppl": 199.17422028175702, 
      "val_loss": 5.294179920519252, 
      "time_s": 395.16219997406006
    }, 
    {
      "epoch": 9, 
      "val_ppl": 192.14483009816556, 
      "val_loss": 5.2582494110968, 
      "time_s": 379.8631401062012
    }, 
    {
      "epoch": 10, 
      "val_ppl": 187.67113793188835, 
      "val_loss": 5.234691164757321, 
      "time_s": 376.0170841217041
    }, 
    {
      "epoch": 11, 
      "val_ppl": 194.61600240960632, 
      "val_loss": 5.271028398691703, 
      "time_s": 380.5837800502777
    }, 
    {
      "epoch": 12, 
      "val_ppl": 165.7878626431605, 
      "val_loss": 5.110709035215564, 
      "time_s": 387.04047203063965
    }, 
    {
      "epoch": 13, 
      "val_ppl": 162.26451913112516, 
      "val_loss": 5.089227837750814, 
      "time_s": 383.5969409942627
    }, 
    {
      "epoch": 14, 
      "val_ppl": 161.10300775832215, 
      "val_loss": 5.0820439601409975, 
      "time_s": 384.8220121860504
    }, 
    {
      "epoch": 15, 
      "val_ppl": 159.9926784773959, 
      "val_loss": 5.075128054670553, 
      "time_s": 383.6178421974182
    }, 
    {
      "epoch": 16, 
      "val_ppl": 159.45537523998695, 
      "val_loss": 5.071764104019794, 
      "time_s": 385.6321699619293
    }, 
    {
      "epoch": 17, 
      "val_ppl": 159.2450749929049, 
      "val_loss": 5.070444367712852, 
      "time_s": 382.8021800518036
    }, 
    {
      "epoch": 18, 
      "val_ppl": 159.10952288491438, 
      "val_loss": 5.0695927882659975, 
      "time_s": 384.3931419849396
    }, 
    {
      "epoch": 19, 
      "val_ppl": 158.81731575140776, 
      "val_loss": 5.067754584124186, 
      "time_s": 382.0497078895569
    }, 
    {
      "epoch": 20, 
      "val_ppl": 159.306735427324, 
      "val_loss": 5.070831497424078, 
      "time_s": 382.18413519859314
    }
  ], 
  "test_ppl": 151.71963647425366
}