{
  "test_loss": 5.001889387207328, 
  "config": {
    "weight_decay": 0.01, 
    "nlayers": 1, 
    "clip": 0.5, 
    "emsize": 50, 
    "nhid": 50, 
    "batch_size": 20, 
    "results": "results/20170329-185947-00.txt", 
    "epochs": 20, 
    "logfile": "logs/20170329-185947-00.txt", 
    "seed": 1111, 
    "lr": 0.001, 
    "log_interval": 20, 
    "experiment_id": "20170329-185947-00", 
    "sequence_length": 20, 
    "model": "LSTM", 
    "save": "models/20170329-185947-00.pt", 
    "data": "./data/penn", 
    "momentum": 0.05
  }, 
  "epoch_logs": [
    {
      "epoch": 1, 
      "val_ppl": 347.062374132581, 
      "val_loss": 5.849504516336768, 
      "time_s": 229.2201759815216
    }, 
    {
      "epoch": 2, 
      "val_ppl": 250.9739922029176, 
      "val_loss": 5.525349317041757, 
      "time_s": 231.85474705696106
    }, 
    {
      "epoch": 3, 
      "val_ppl": 216.9203219343455, 
      "val_loss": 5.37953010608731, 
      "time_s": 231.63362216949463
    }, 
    {
      "epoch": 4, 
      "val_ppl": 198.20185610213912, 
      "val_loss": 5.289285986645878, 
      "time_s": 235.9574499130249
    }, 
    {
      "epoch": 5, 
      "val_ppl": 187.13421508541862, 
      "val_loss": 5.2318260871407265, 
      "time_s": 238.17672395706177
    }, 
    {
      "epoch": 6, 
      "val_ppl": 180.14019040488415, 
      "val_loss": 5.193735383337852, 
      "time_s": 238.31298089027405
    }, 
    {
      "epoch": 7, 
      "val_ppl": 175.5167836330237, 
      "val_loss": 5.167734671569956, 
      "time_s": 239.0217249393463
    }, 
    {
      "epoch": 8, 
      "val_ppl": 172.22273631803267, 
      "val_loss": 5.1487886176450655, 
      "time_s": 239.04244112968445
    }, 
    {
      "epoch": 9, 
      "val_ppl": 169.86957711971198, 
      "val_loss": 5.13503094919333, 
      "time_s": 237.97817206382751
    }, 
    {
      "epoch": 10, 
      "val_ppl": 168.2508425616768, 
      "val_loss": 5.125455976308297, 
      "time_s": 238.08865690231323
    }, 
    {
      "epoch": 11, 
      "val_ppl": 167.24733031051736, 
      "val_loss": 5.119473736611985, 
      "time_s": 238.81731700897217
    }, 
    {
      "epoch": 12, 
      "val_ppl": 166.82828877757083, 
      "val_loss": 5.116965072532538, 
      "time_s": 239.45898914337158
    }, 
    {
      "epoch": 13, 
      "val_ppl": 166.80443585839612, 
      "val_loss": 5.116822083446312, 
      "time_s": 247.279620885849
    }, 
    {
      "epoch": 14, 
      "val_ppl": 167.17551353297557, 
      "val_loss": 5.1190442397641, 
      "time_s": 230.6927080154419
    }, 
    {
      "epoch": 15, 
      "val_ppl": 164.76544278923552, 
      "val_loss": 5.104522903674078, 
      "time_s": 230.241446018219
    }, 
    {
      "epoch": 16, 
      "val_ppl": 164.72530899777067, 
      "val_loss": 5.104279292638286, 
      "time_s": 232.00580310821533
    }, 
    {
      "epoch": 17, 
      "val_ppl": 164.86616929785208, 
      "val_loss": 5.10513404962039, 
      "time_s": 231.4746880531311
    }, 
    {
      "epoch": 18, 
      "val_ppl": 164.0792824713605, 
      "val_loss": 5.100349740713123, 
      "time_s": 230.97922897338867
    }, 
    {
      "epoch": 19, 
      "val_ppl": 164.09396831886926, 
      "val_loss": 5.100439241289317, 
      "time_s": 231.29258489608765
    }, 
    {
      "epoch": 20, 
      "val_ppl": 163.91825891500042, 
      "val_loss": 5.099367882321041, 
      "time_s": 230.98687505722046
    }
  ], 
  "test_ppl": 148.69383409515856
}