{
  "test_loss": 5.030626364794371, 
  "config": {
    "nlayers": 2, 
    "clip": 0.5, 
    "emsize": 50, 
    "nhid": 50, 
    "batch_size": 20, 
    "results": "results/20170326-201352-01.txt", 
    "epochs": 6, 
    "logfile": "logs/20170326-201352-01.txt", 
    "seed": 1111, 
    "lr": 20, 
    "log_interval": 20, 
    "experiment_id": "20170326-201352-01", 
    "sequence_length": 20, 
    "model": "LSTM", 
    "save": "models/20170326-201352-01.pt", 
    "data": "./data/penn"
  }, 
  "epoch_logs": [
    {
      "epoch": 1, 
      "val_ppl": 209.1087527357903, 
      "val_loss": 5.342854464648862, 
      "time_s": 262.5500490665436
    }, 
    {
      "epoch": 2, 
      "val_ppl": 176.47988729170845, 
      "val_loss": 5.173206916858731, 
      "time_s": 262.88278913497925
    }, 
    {
      "epoch": 3, 
      "val_ppl": 167.6133570481227, 
      "val_loss": 5.121659880863612, 
      "time_s": 263.077761888504
    }, 
    {
      "epoch": 4, 
      "val_ppl": 163.0394216645191, 
      "val_loss": 5.093992022268167, 
      "time_s": 263.13146209716797
    }, 
    {
      "epoch": 5, 
      "val_ppl": 160.94839970812103, 
      "val_loss": 5.081083814906453, 
      "time_s": 263.0913450717926
    }, 
    {
      "epoch": 6, 
      "val_ppl": 158.28924082650255, 
      "val_loss": 5.064423997593547, 
      "time_s": 262.8733491897583
    }
  ], 
  "test_ppl": 153.0288345572519
}